NAME:generated45.tsp
TYPE:TSP
COMMENT:generatedFromCode
DIMENSION:45
EDGE_WEIGHT_TYPE:EXPLICIT
EDGE_WEIGHT_FORMAT:FULL_MATRIX
EDGE_WEIGHT_SECTION
0 43 266 335 202 69 133 480 12 124 192 129 455 485 493 10 140 103 80 236 111 41 29 13 241 265 248 311 65 487 130 407 293 398 170 179 40 158 101 141 138 251 1 482 283 
43 0 209 200 137 431 424 203 76 454 90 272 345 295 287 493 497 10 244 246 18 423 291 470 117 61 238 76 354 150 314 288 498 439 381 317 194 28 163 329 246 214 250 179 429 
266 209 0 44 416 411 51 187 370 27 314 229 278 189 269 167 360 473 110 158 376 444 123 87 42 453 12 357 119 214 207 240 8 14 323 500 345 279 373 52 188 391 79 159 170 
335 200 44 0 47 167 347 180 477 269 40 62 325 248 207 104 294 254 388 117 7 365 196 457 122 188 107 94 263 79 181 467 29 126 399 71 156 96 244 496 322 290 377 19 215 
202 137 416 47 0 445 202 386 307 150 287 41 87 381 402 401 426 16 348 438 266 1 233 346 445 365 171 379 93 18 88 277 87 199 289 152 327 74 26 117 33 63 30 30 458 
69 431 411 167 445 0 59 29 443 359 364 177 410 41 223 25 106 456 309 365 208 361 418 225 138 93 351 328 120 32 139 321 164 62 153 259 213 125 456 138 203 199 154 84 333 
133 424 51 347 202 59 0 78 205 457 435 421 303 175 2 392 157 161 328 275 470 85 180 399 129 48 268 25 412 152 45 447 342 373 334 236 144 225 324 292 195 317 196 280 253 
480 203 187 180 386 29 78 0 265 194 279 381 482 278 77 344 122 272 190 246 286 112 135 200 359 470 248 171 34 236 338 384 66 218 27 122 13 89 482 437 37 239 77 384 128 
12 76 370 477 307 443 205 265 0 18 59 93 1 395 63 411 273 253 414 441 66 226 49 377 469 376 451 332 38 180 288 128 304 295 90 194 394 154 2 476 197 257 254 170 291 
124 454 27 269 150 359 457 194 18 0 110 138 457 291 154 129 391 126 303 261 382 486 435 301 203 308 361 6 38 71 62 408 195 475 175 199 151 368 342 77 393 27 196 193 270 
192 90 314 40 287 364 435 279 59 110 0 85 420 157 407 466 485 28 481 172 465 387 117 281 206 77 429 82 82 89 214 425 97 471 116 476 297 185 379 251 494 438 348 411 63 
129 272 229 62 41 177 421 381 93 138 85 0 424 175 180 313 351 294 308 389 94 489 133 415 58 323 189 453 327 122 88 9 354 295 442 252 80 345 237 63 277 205 253 466 397 
455 345 278 325 87 410 303 482 1 457 420 424 0 216 166 118 229 316 490 343 277 69 276 479 164 462 132 382 365 87 116 450 276 292 38 8 312 337 498 328 40 307 107 458 356 
485 295 189 248 381 41 175 278 395 291 157 175 216 0 383 25 258 286 297 202 300 408 240 322 415 75 301 270 247 20 145 360 57 94 230 459 280 473 40 318 397 453 100 160 238 
493 287 269 207 402 223 2 77 63 154 407 180 166 383 0 126 126 361 74 378 164 48 408 199 146 422 226 132 207 317 336 390 164 410 186 359 415 487 382 197 131 449 437 240 178 
10 493 167 104 401 25 392 344 411 129 466 313 118 25 126 0 185 147 342 463 282 472 22 97 483 454 15 335 465 245 370 70 371 79 150 76 124 20 284 331 484 74 238 457 379 
140 497 360 294 426 106 157 122 273 391 485 351 229 258 126 185 0 408 479 188 74 432 452 277 132 112 125 188 84 403 155 152 307 292 217 225 117 41 253 413 331 231 44 212 7 
103 10 473 254 16 456 161 272 253 126 28 294 316 286 361 147 408 0 489 320 393 367 260 484 386 339 250 449 15 490 446 328 50 315 322 72 39 308 478 65 456 163 432 229 76 
80 244 110 388 348 309 328 190 414 303 481 308 490 297 74 342 479 489 0 94 248 475 243 160 435 13 185 374 230 458 84 380 397 136 459 405 413 162 205 224 456 493 273 332 403 
236 246 158 117 438 365 275 246 441 261 172 389 343 202 378 463 188 320 94 0 235 263 396 136 156 491 19 327 305 92 471 323 471 408 401 353 70 238 180 308 361 488 233 281 123 
111 18 376 7 266 208 470 286 66 382 465 94 277 300 164 282 74 393 248 235 0 394 15 457 154 230 478 228 206 94 166 177 422 187 408 443 263 339 16 10 85 202 377 147 415 
41 423 444 365 1 361 85 112 226 486 387 489 69 408 48 472 432 367 475 263 394 0 56 113 96 16 314 262 39 135 341 475 348 175 83 315 137 155 113 135 218 189 329 303 365 
29 291 123 196 233 418 180 135 49 435 117 133 276 240 408 22 452 260 243 396 15 56 0 468 49 62 491 96 75 45 156 213 426 133 476 110 213 52 235 247 487 282 329 417 138 
13 470 87 457 346 225 399 200 377 301 281 415 479 322 199 97 277 484 160 136 457 113 468 0 451 301 453 236 88 295 471 375 14 153 468 36 462 367 55 367 112 485 452 452 121 
241 117 42 122 445 138 129 359 469 203 206 58 164 415 146 483 132 386 435 156 154 96 49 451 0 341 122 97 398 404 6 182 462 206 319 269 426 453 364 291 429 425 324 83 54 
265 61 453 188 365 93 48 470 376 308 77 323 462 75 422 454 112 339 13 491 230 16 62 301 341 0 121 472 494 420 450 290 214 485 494 477 491 272 258 149 406 65 143 84 300 
248 238 12 107 171 351 268 248 451 361 429 189 132 301 226 15 125 250 185 19 478 314 491 453 122 121 0 164 224 365 410 88 348 348 323 181 424 78 147 242 112 187 169 260 155 
311 76 357 94 379 328 25 171 332 6 82 453 382 270 132 335 188 449 374 327 228 262 96 236 97 472 164 0 209 388 381 30 95 41 440 132 62 448 357 303 386 123 155 274 388 
65 354 119 263 93 120 412 34 38 38 82 327 365 247 207 465 84 15 230 305 206 39 75 88 398 494 224 209 0 135 217 231 294 358 258 87 379 489 100 488 177 187 462 306 497 
487 150 214 79 18 32 152 236 180 71 89 122 87 20 317 245 403 490 458 92 94 135 45 295 404 420 365 388 135 0 457 216 270 274 123 327 42 277 131 278 493 207 189 325 114 
130 314 207 181 88 139 45 338 288 62 214 88 116 145 336 370 155 446 84 471 166 341 156 471 6 450 410 381 217 457 0 458 311 132 138 17 106 154 279 219 432 114 138 203 423 
407 288 240 467 277 321 447 384 128 408 425 9 450 360 390 70 152 328 380 323 177 475 213 375 182 290 88 30 231 216 458 0 321 404 417 357 178 145 447 438 222 13 58 159 336 
293 498 8 29 87 164 342 66 304 195 97 354 276 57 164 371 307 50 397 471 422 348 426 14 462 214 348 95 294 270 311 321 0 148 271 213 448 180 498 138 122 164 297 25 254 
398 439 14 126 199 62 373 218 295 475 471 295 292 94 410 79 292 315 136 408 187 175 133 153 206 485 348 41 358 274 132 404 148 0 111 96 132 313 205 488 236 291 53 9 89 
170 381 323 399 289 153 334 27 90 175 116 442 38 230 186 150 217 322 459 401 408 83 476 468 319 494 323 440 258 123 138 417 271 111 0 154 344 205 132 337 137 178 337 310 157 
179 317 500 71 152 259 236 122 194 199 476 252 8 459 359 76 225 72 405 353 443 315 110 36 269 477 181 132 87 327 17 357 213 96 154 0 267 394 117 317 469 183 211 89 39 
40 194 345 156 327 213 144 13 394 151 297 80 312 280 415 124 117 39 413 70 263 137 213 462 426 491 424 62 379 42 106 178 448 132 344 267 0 257 26 264 324 308 193 162 416 
158 28 279 96 74 125 225 89 154 368 185 345 337 473 487 20 41 308 162 238 339 155 52 367 453 272 78 448 489 277 154 145 180 313 205 394 257 0 400 442 32 430 251 306 78 
101 163 373 244 26 456 324 482 2 342 379 237 498 40 382 284 253 478 205 180 16 113 235 55 364 258 147 357 100 131 279 447 498 205 132 117 26 400 0 32 107 200 217 488 103 
141 329 52 496 117 138 292 437 476 77 251 63 328 318 197 331 413 65 224 308 10 135 247 367 291 149 242 303 488 278 219 438 138 488 337 317 264 442 32 0 182 236 273 114 348 
138 246 188 322 33 203 195 37 197 393 494 277 40 397 131 484 331 456 456 361 85 218 487 112 429 406 112 386 177 493 432 222 122 236 137 469 324 32 107 182 0 204 381 348 427 
251 214 391 290 63 199 317 239 257 27 438 205 307 453 449 74 231 163 493 488 202 189 282 485 425 65 187 123 187 207 114 13 164 291 178 183 308 430 200 236 204 0 327 110 388 
1 250 79 377 30 154 196 77 254 196 348 253 107 100 437 238 44 432 273 233 377 329 329 452 324 143 169 155 462 189 138 58 297 53 337 211 193 251 217 273 381 327 0 361 325 
482 179 159 19 30 84 280 384 170 193 411 466 458 160 240 457 212 229 332 281 147 303 417 452 83 84 260 274 306 325 203 159 25 9 310 89 162 306 488 114 348 110 361 0 26 
283 429 170 215 458 333 253 128 291 270 63 397 356 238 178 379 7 76 403 123 415 365 138 121 54 300 155 388 497 114 423 336 254 89 157 39 416 78 103 348 427 388 325 26 0 
EOF