NAME:generated32.tsp
TYPE:TSP
COMMENT:generatedFromCode
DIMENSION:32
EDGE_WEIGHT_TYPE:EXPLICIT
EDGE_WEIGHT_FORMAT:FULL_MATRIX
EDGE_WEIGHT_SECTION
0 330 100 238 51 224 488 260 271 209 411 318 59 500 413 280 247 42 58 260 432 10 413 489 10 91 133 499 117 175 334 451 
330 0 283 230 275 343 7 347 249 189 249 180 494 280 430 388 363 37 165 256 87 307 246 278 93 446 281 238 415 85 190 349 
100 283 0 360 135 308 204 247 226 164 385 325 405 132 328 121 215 499 281 214 24 98 436 253 209 12 68 172 106 190 460 325 
238 230 360 0 292 158 500 475 43 108 496 477 236 241 30 492 344 268 372 164 39 335 59 178 65 339 398 229 249 338 410 489 
51 275 135 292 0 35 200 435 491 159 359 227 142 246 172 298 313 56 75 110 190 3 434 212 275 379 352 238 435 471 339 210 
224 343 308 158 35 0 235 351 181 163 157 122 131 54 161 366 251 196 62 334 414 18 419 83 204 285 435 365 28 232 298 468 
488 7 204 500 200 235 0 244 130 205 115 247 156 415 312 39 287 24 482 267 193 470 466 297 402 171 191 449 49 115 49 323 
260 347 247 475 435 351 244 0 48 174 208 452 496 160 214 283 416 407 88 101 201 496 104 227 38 210 17 53 140 407 419 42 
271 249 226 43 491 181 130 48 0 173 409 154 46 229 340 397 361 221 397 329 230 88 142 128 16 106 234 43 443 291 364 71 
209 189 164 108 159 163 205 174 173 0 330 307 35 191 396 204 313 360 305 169 452 423 175 115 120 407 100 462 290 55 349 236 
411 249 385 496 359 157 115 208 409 330 0 180 166 303 10 346 423 169 323 485 499 286 284 54 457 365 335 181 298 254 418 211 
318 180 325 477 227 122 247 452 154 307 180 0 149 231 176 97 304 327 257 46 231 225 420 294 193 84 338 443 393 405 446 180 
59 494 405 236 142 131 156 496 46 35 166 149 0 283 270 257 365 23 418 6 94 148 65 12 103 313 38 434 340 184 410 464 
500 280 132 241 246 54 415 160 229 191 303 231 283 0 360 196 166 69 392 141 76 64 389 445 405 450 193 221 343 112 262 388 
413 430 328 30 172 161 312 214 340 396 10 176 270 360 0 285 369 19 467 495 107 280 382 81 23 464 318 297 233 166 380 481 
280 388 121 492 298 366 39 283 397 204 346 97 257 196 285 0 325 233 457 305 62 87 58 189 381 315 21 303 302 46 112 282 
247 363 215 344 313 251 287 416 361 313 423 304 365 166 369 325 0 293 275 219 379 495 398 117 307 362 243 83 445 50 166 167 
42 37 499 268 56 196 24 407 221 360 169 327 23 69 19 233 293 0 65 281 466 122 114 238 215 236 363 230 32 301 300 379 
58 165 281 372 75 62 482 88 397 305 323 257 418 392 467 457 275 65 0 20 477 455 128 303 7 294 496 81 33 92 50 31 
260 256 214 164 110 334 267 101 329 169 485 46 6 141 495 305 219 281 20 0 67 158 302 229 270 82 246 323 363 384 131 379 
432 87 24 39 190 414 193 201 230 452 499 231 94 76 107 62 379 466 477 67 0 276 269 472 374 46 490 227 494 53 14 140 
10 307 98 335 3 18 470 496 88 423 286 225 148 64 280 87 495 122 455 158 276 0 163 343 162 335 188 171 204 405 109 425 
413 246 436 59 434 419 466 104 142 175 284 420 65 389 382 58 398 114 128 302 269 163 0 246 369 31 121 321 10 192 477 313 
489 278 253 178 212 83 297 227 128 115 54 294 12 445 81 189 117 238 303 229 472 343 246 0 345 192 498 406 265 298 387 144 
10 93 209 65 275 204 402 38 16 120 457 193 103 405 23 381 307 215 7 270 374 162 369 345 0 295 206 204 363 343 35 112 
91 446 12 339 379 285 171 210 106 407 365 84 313 450 464 315 362 236 294 82 46 335 31 192 295 0 221 494 389 363 108 190 
133 281 68 398 352 435 191 17 234 100 335 338 38 193 318 21 243 363 496 246 490 188 121 498 206 221 0 73 293 371 303 252 
499 238 172 229 238 365 449 53 43 462 181 443 434 221 297 303 83 230 81 323 227 171 321 406 204 494 73 0 479 265 279 277 
117 415 106 249 435 28 49 140 443 290 298 393 340 343 233 302 445 32 33 363 494 204 10 265 363 389 293 479 0 203 408 316 
175 85 190 338 471 232 115 407 291 55 254 405 184 112 166 46 50 301 92 384 53 405 192 298 343 363 371 265 203 0 305 210 
334 190 460 410 339 298 49 419 364 349 418 446 410 262 380 112 166 300 50 131 14 109 477 387 35 108 303 279 408 305 0 203 
451 349 325 489 210 468 323 42 71 236 211 180 464 388 481 282 167 379 31 379 140 425 313 144 112 190 252 277 316 210 203 0 
EOF