NAME:generated37.tsp
TYPE:TSP
COMMENT:generatedFromCode
DIMENSION:37
EDGE_WEIGHT_TYPE:EXPLICIT
EDGE_WEIGHT_FORMAT:FULL_MATRIX
EDGE_WEIGHT_SECTION
0 284 489 12 195 33 247 414 64 478 170 162 413 204 227 112 173 252 115 459 366 328 94 480 374 481 321 395 122 477 216 57 3 295 147 314 451 
284 0 480 220 91 230 64 222 430 102 490 285 85 191 88 94 377 280 219 183 108 22 198 434 500 386 92 471 29 248 438 240 13 112 441 412 223 
489 480 0 18 101 298 410 486 155 7 26 378 293 46 203 42 192 232 369 268 461 192 212 64 254 259 158 114 154 407 417 251 35 228 397 160 440 
12 220 18 0 195 333 148 444 15 232 144 126 349 163 442 110 73 157 287 362 81 368 109 140 84 426 339 291 64 166 137 103 195 112 43 146 252 
195 91 101 195 0 370 374 161 392 141 219 256 227 80 2 397 500 115 181 98 332 366 172 145 111 302 212 68 439 232 245 349 305 354 445 351 157 
33 230 298 333 370 0 491 218 97 150 215 253 222 214 341 447 198 435 335 132 77 18 243 411 262 163 203 177 113 341 188 122 392 247 54 456 166 
247 64 410 148 374 491 0 107 227 437 373 462 92 483 241 88 400 309 449 29 320 177 42 493 64 252 166 260 492 30 463 121 400 247 216 100 127 
414 222 486 444 161 218 107 0 93 307 109 210 326 328 427 398 32 169 8 112 320 342 95 364 8 450 188 27 92 398 119 16 455 62 175 142 337 
64 430 155 15 392 97 227 93 0 258 140 403 456 131 251 172 151 326 341 435 110 269 375 93 483 127 372 170 133 92 311 397 63 182 115 73 487 
478 102 7 232 141 150 437 307 258 0 457 212 212 416 50 71 229 496 170 397 177 178 61 429 225 79 177 204 95 236 315 260 426 251 205 151 39 
170 490 26 144 219 215 373 109 140 457 0 33 105 284 442 15 141 483 12 440 343 294 133 323 95 224 121 413 443 341 39 120 438 19 202 321 168 
162 285 378 126 256 253 462 210 403 212 33 0 391 500 111 165 307 112 142 207 394 82 315 246 52 272 100 414 100 359 127 451 487 464 326 176 392 
413 85 293 349 227 222 92 326 456 212 105 391 0 61 105 4 156 63 451 10 22 244 350 451 387 411 265 322 338 171 283 275 296 94 398 98 246 
204 191 46 163 80 214 483 328 131 416 284 500 61 0 100 489 493 451 302 430 489 87 459 454 234 264 156 342 387 372 494 222 24 347 30 480 339 
227 88 203 442 2 341 241 427 251 50 442 111 105 100 0 239 100 167 140 402 141 496 488 147 298 377 46 226 28 436 134 132 349 243 129 302 330 
112 94 42 110 397 447 88 398 172 71 15 165 4 489 239 0 409 168 322 231 371 411 188 428 169 373 346 245 102 198 334 141 99 164 415 42 306 
173 377 192 73 500 198 400 32 151 229 141 307 156 493 100 409 0 414 470 132 62 118 390 331 131 292 274 497 110 483 178 221 27 353 454 129 148 
252 280 232 157 115 435 309 169 326 496 483 112 63 451 167 168 414 0 94 138 394 310 409 136 190 147 33 90 208 218 468 115 171 62 9 154 185 
115 219 369 287 181 335 449 8 341 170 12 142 451 302 140 322 470 94 0 203 308 497 170 367 216 483 145 36 425 499 257 7 430 255 87 165 104 
459 183 268 362 98 132 29 112 435 397 440 207 10 430 402 231 132 138 203 0 129 448 315 259 373 317 171 293 439 70 89 365 142 175 359 97 330 
366 108 461 81 332 77 320 320 110 177 343 394 22 489 141 371 62 394 308 129 0 423 377 43 362 400 404 184 493 500 337 102 497 81 128 328 480 
328 22 192 368 366 18 177 342 269 178 294 82 244 87 496 411 118 310 497 448 423 0 175 17 495 159 139 310 76 500 83 371 31 272 281 119 254 
94 198 212 109 172 243 42 95 375 61 133 315 350 459 488 188 390 409 170 315 377 175 0 445 434 268 163 213 364 217 485 415 182 197 318 361 42 
480 434 64 140 145 411 493 364 93 429 323 246 451 454 147 428 331 136 367 259 43 17 445 0 46 496 366 231 399 221 272 396 399 449 166 264 104 
374 500 254 84 111 262 64 8 483 225 95 52 387 234 298 169 131 190 216 373 362 495 434 46 0 382 388 164 391 16 59 210 476 264 55 99 415 
481 386 259 426 302 163 252 450 127 79 224 272 411 264 377 373 292 147 483 317 400 159 268 496 382 0 433 254 387 152 345 38 391 389 397 310 272 
321 92 158 339 212 203 166 188 372 177 121 100 265 156 46 346 274 33 145 171 404 139 163 366 388 433 0 150 172 233 254 358 382 115 68 183 44 
395 471 114 291 68 177 260 27 170 204 413 414 322 342 226 245 497 90 36 293 184 310 213 231 164 254 150 0 225 466 434 258 235 90 136 363 104 
122 29 154 64 439 113 492 92 133 95 443 100 338 387 28 102 110 208 425 439 493 76 364 399 391 387 172 225 0 147 328 432 112 103 270 208 112 
477 248 407 166 232 341 30 398 92 236 341 359 171 372 436 198 483 218 499 70 500 500 217 221 16 152 233 466 147 0 265 207 263 112 322 390 73 
216 438 417 137 245 188 463 119 311 315 39 127 283 494 134 334 178 468 257 89 337 83 485 272 59 345 254 434 328 265 0 185 135 191 321 305 478 
57 240 251 103 349 122 121 16 397 260 120 451 275 222 132 141 221 115 7 365 102 371 415 396 210 38 358 258 432 207 185 0 81 437 19 48 165 
3 13 35 195 305 392 400 455 63 426 438 487 296 24 349 99 27 171 430 142 497 31 182 399 476 391 382 235 112 263 135 81 0 32 277 284 121 
295 112 228 112 354 247 247 62 182 251 19 464 94 347 243 164 353 62 255 175 81 272 197 449 264 389 115 90 103 112 191 437 32 0 232 4 2 
147 441 397 43 445 54 216 175 115 205 202 326 398 30 129 415 454 9 87 359 128 281 318 166 55 397 68 136 270 322 321 19 277 232 0 438 133 
314 412 160 146 351 456 100 142 73 151 321 176 98 480 302 42 129 154 165 97 328 119 361 264 99 310 183 363 208 390 305 48 284 4 438 0 103 
451 223 440 252 157 166 127 337 487 39 168 392 246 339 330 306 148 185 104 330 480 254 42 104 415 272 44 104 112 73 478 165 121 2 133 103 0 
EOF