NAME:generated36.tsp
TYPE:TSP
COMMENT:generatedFromCode
DIMENSION:36
EDGE_WEIGHT_TYPE:EXPLICIT
EDGE_WEIGHT_FORMAT:FULL_MATRIX
EDGE_WEIGHT_SECTION
0 114 2 204 493 236 445 65 47 435 271 141 360 160 190 342 408 381 339 498 65 1 453 274 175 443 65 362 61 330 336 312 418 54 318 63 
114 0 464 412 364 410 267 92 381 441 91 42 158 151 319 329 330 37 489 184 154 410 210 165 490 483 59 412 8 97 172 84 46 153 240 296 
2 464 0 230 87 69 29 223 206 202 102 19 351 110 444 20 272 111 175 92 343 378 340 76 115 17 225 165 57 434 65 172 7 150 205 92 
204 412 230 0 377 270 259 491 321 392 57 123 53 173 350 264 362 266 478 105 440 37 164 266 419 401 323 369 8 449 154 385 216 181 401 82 
493 364 87 377 0 236 229 127 343 229 129 301 472 242 373 3 388 28 58 313 190 210 50 129 474 49 341 443 262 137 308 69 145 361 445 97 
236 410 69 270 236 0 24 491 386 39 444 363 6 215 387 114 457 155 218 14 484 421 158 336 398 95 346 485 161 342 145 77 343 400 380 313 
445 267 29 259 229 24 0 54 221 58 379 190 41 461 179 42 92 344 200 450 230 51 51 199 416 15 107 67 218 35 462 379 187 133 63 235 
65 92 223 491 127 491 54 0 334 21 469 281 150 443 43 436 436 32 424 221 11 402 208 151 180 187 432 56 203 43 487 128 22 465 205 141 
47 381 206 321 343 386 221 334 0 361 268 8 475 122 6 481 325 10 60 500 464 199 63 371 456 427 11 488 208 21 198 204 369 99 451 347 
435 441 202 392 229 39 58 21 361 0 422 364 259 498 359 466 136 196 99 82 237 292 278 343 409 209 159 300 163 47 50 318 237 293 45 174 
271 91 102 57 129 444 379 469 268 422 0 87 440 80 402 299 431 375 162 279 148 31 85 287 354 419 165 391 102 233 171 378 235 447 378 212 
141 42 19 123 301 363 190 281 8 364 87 0 273 3 107 269 21 167 317 168 235 93 94 267 160 222 205 423 219 159 214 47 314 364 119 112 
360 158 351 53 472 6 41 150 475 259 440 273 0 172 405 4 439 49 107 369 362 356 280 166 379 476 353 303 183 210 470 173 155 58 475 346 
160 151 110 173 242 215 461 443 122 498 80 3 172 0 292 68 366 368 400 85 101 60 279 482 206 260 451 300 188 41 428 433 468 351 263 102 
190 319 444 350 373 387 179 43 6 359 402 107 405 292 0 463 245 185 9 241 53 346 360 459 35 490 307 9 477 184 47 379 400 278 71 245 
342 329 20 264 3 114 42 436 481 466 299 269 4 68 463 0 113 128 8 20 262 36 127 387 198 432 482 402 121 390 299 57 93 417 407 345 
408 330 272 362 388 457 92 436 325 136 431 21 439 366 245 113 0 22 125 71 67 452 157 255 25 151 263 4 20 414 300 332 46 464 44 87 
381 37 111 266 28 155 344 32 10 196 375 167 49 368 185 128 22 0 481 227 288 144 117 245 53 273 303 173 224 179 277 226 273 289 252 422 
339 489 175 478 58 218 200 424 60 99 162 317 107 400 9 8 125 481 0 361 138 143 193 91 101 266 499 188 377 219 447 245 253 427 406 81 
498 184 92 105 313 14 450 221 500 82 279 168 369 85 241 20 71 227 361 0 185 368 28 436 414 22 353 279 99 284 290 13 376 436 193 490 
65 154 343 440 190 484 230 11 464 237 148 235 362 101 53 262 67 288 138 185 0 299 381 470 354 473 336 152 363 82 337 76 275 52 60 419 
1 410 378 37 210 421 51 402 199 292 31 93 356 60 346 36 452 144 143 368 299 0 220 413 228 446 265 427 186 373 250 195 401 300 198 77 
453 210 340 164 50 158 51 208 63 278 85 94 280 279 360 127 157 117 193 28 381 220 0 420 326 396 483 236 491 183 488 320 373 19 64 442 
274 165 76 266 129 336 199 151 371 343 287 267 166 482 459 387 255 245 91 436 470 413 420 0 313 397 473 377 434 197 275 80 306 5 343 427 
175 490 115 419 474 398 416 180 456 409 354 160 379 206 35 198 25 53 101 414 354 228 326 313 0 493 352 172 476 99 380 124 395 61 481 306 
443 483 17 401 49 95 15 187 427 209 419 222 476 260 490 432 151 273 266 22 473 446 396 397 493 0 211 398 412 271 197 378 430 382 422 187 
65 59 225 323 341 346 107 432 11 159 165 205 353 451 307 482 263 303 499 353 336 265 483 473 352 211 0 221 27 336 32 123 92 352 286 392 
362 412 165 369 443 485 67 56 488 300 391 423 303 300 9 402 4 173 188 279 152 427 236 377 172 398 221 0 451 110 385 459 374 437 399 115 
61 8 57 8 262 161 218 203 208 163 102 219 183 188 477 121 20 224 377 99 363 186 491 434 476 412 27 451 0 4 321 355 68 327 390 96 
330 97 434 449 137 342 35 43 21 47 233 159 210 41 184 390 414 179 219 284 82 373 183 197 99 271 336 110 4 0 375 42 376 331 66 165 
336 172 65 154 308 145 462 487 198 50 171 214 470 428 47 299 300 277 447 290 337 250 488 275 380 197 32 385 321 375 0 243 327 17 215 59 
312 84 172 385 69 77 379 128 204 318 378 47 173 433 379 57 332 226 245 13 76 195 320 80 124 378 123 459 355 42 243 0 275 232 127 248 
418 46 7 216 145 343 187 22 369 237 235 314 155 468 400 93 46 273 253 376 275 401 373 306 395 430 92 374 68 376 327 275 0 125 362 62 
54 153 150 181 361 400 133 465 99 293 447 364 58 351 278 417 464 289 427 436 52 300 19 5 61 382 352 437 327 331 17 232 125 0 222 205 
318 240 205 401 445 380 63 205 451 45 378 119 475 263 71 407 44 252 406 193 60 198 64 343 481 422 286 399 390 66 215 127 362 222 0 61 
63 296 92 82 97 313 235 141 347 174 212 112 346 102 245 345 87 422 81 490 419 77 442 427 306 187 392 115 96 165 59 248 62 205 61 0 
EOF