NAME:generated40.tsp
TYPE:TSP
COMMENT:generatedFromCode
DIMENSION:40
EDGE_WEIGHT_TYPE:EXPLICIT
EDGE_WEIGHT_FORMAT:FULL_MATRIX
EDGE_WEIGHT_SECTION
0 360 64 334 180 344 343 113 303 363 431 134 276 142 117 437 135 423 276 335 213 24 351 254 349 71 239 175 91 491 177 177 392 312 54 194 243 200 453 272 
360 0 451 216 129 285 136 189 308 390 14 492 11 208 224 340 46 264 45 39 386 209 145 62 266 411 270 369 475 150 268 57 76 308 414 192 60 327 477 122 
64 451 0 209 254 275 498 161 322 13 1 435 244 189 488 364 137 147 284 290 16 360 265 420 192 215 156 256 121 148 42 234 464 486 143 145 358 430 131 147 
334 216 209 0 448 348 163 276 373 272 48 391 368 173 389 404 449 256 382 65 177 393 263 468 368 342 197 241 3 360 51 408 18 381 33 169 71 274 277 66 
180 129 254 448 0 52 374 222 236 413 40 478 306 458 442 350 206 411 385 51 461 497 343 39 366 160 106 14 490 109 266 58 350 279 450 201 36 276 344 34 
344 285 275 348 52 0 91 193 215 249 354 10 400 287 259 70 355 25 488 247 159 199 173 328 80 228 423 264 345 48 436 335 277 50 192 494 153 456 500 267 
343 136 498 163 374 91 0 138 432 449 133 8 220 27 201 244 215 35 346 262 257 149 3 111 257 474 138 376 254 253 143 2 308 4 481 469 140 90 372 98 
113 189 161 276 222 193 138 0 157 227 112 70 160 399 65 339 23 58 316 285 205 404 392 177 497 148 144 477 448 18 248 417 328 450 270 156 258 415 116 194 
303 308 322 373 236 215 432 157 0 354 59 23 316 337 419 26 168 484 287 430 287 91 360 272 232 176 185 253 227 46 67 334 358 256 471 149 471 394 109 14 
363 390 13 272 413 249 449 227 354 0 302 49 55 465 408 194 447 354 144 393 184 295 257 71 366 130 76 354 61 194 403 251 88 260 474 73 286 465 401 348 
431 14 1 48 40 354 133 112 59 302 0 429 491 111 104 325 295 469 355 499 464 150 416 414 465 377 89 354 327 52 460 24 451 440 413 157 27 456 127 78 
134 492 435 391 478 10 8 70 23 49 429 0 287 327 404 482 110 120 210 218 124 16 428 442 174 186 48 217 56 493 2 375 131 48 216 21 299 434 131 433 
276 11 244 368 306 400 220 160 316 55 491 287 0 6 77 63 302 10 55 295 34 75 373 159 86 161 492 237 34 213 297 385 229 209 413 416 371 181 300 448 
142 208 189 173 458 287 27 399 337 465 111 327 6 0 41 307 445 186 1 14 383 159 384 287 91 199 431 268 494 39 17 297 305 54 113 448 301 87 430 88 
117 224 488 389 442 259 201 65 419 408 104 404 77 41 0 68 389 364 61 285 310 41 262 462 340 493 239 272 493 482 257 99 49 411 403 152 342 66 254 255 
437 340 364 404 350 70 244 339 26 194 325 482 63 307 68 0 135 408 388 369 414 195 112 122 387 35 461 94 60 442 49 364 74 197 8 380 471 28 389 473 
135 46 137 449 206 355 215 23 168 447 295 110 302 445 389 135 0 422 292 176 22 320 330 5 107 149 266 180 406 458 442 494 131 167 148 10 327 16 443 235 
423 264 147 256 411 25 35 58 484 354 469 120 10 186 364 408 422 0 264 316 21 325 457 139 424 407 467 413 318 388 165 129 338 320 16 14 157 417 206 143 
276 45 284 382 385 488 346 316 287 144 355 210 55 1 61 388 292 264 0 89 201 116 398 355 179 397 368 243 253 164 175 492 300 265 67 305 22 297 65 283 
335 39 290 65 51 247 262 285 430 393 499 218 295 14 285 369 176 316 89 0 211 380 221 423 223 334 367 131 294 68 493 25 262 487 231 160 413 63 99 9 
213 386 16 177 461 159 257 205 287 184 464 124 34 383 310 414 22 21 201 211 0 255 266 45 491 482 143 197 346 274 141 104 401 296 315 381 124 493 378 25 
24 209 360 393 497 199 149 404 91 295 150 16 75 159 41 195 320 325 116 380 255 0 397 416 336 96 373 156 123 497 454 231 325 60 414 416 430 200 250 66 
351 145 265 263 343 173 3 392 360 257 416 428 373 384 262 112 330 457 398 221 266 397 0 244 32 388 192 37 5 242 364 394 259 212 239 87 286 15 295 203 
254 62 420 468 39 328 111 177 272 71 414 442 159 287 462 122 5 139 355 423 45 416 244 0 409 299 228 57 282 214 91 299 437 98 204 478 198 389 346 495 
349 266 192 368 366 80 257 497 232 366 465 174 86 91 340 387 107 424 179 223 491 336 32 409 0 444 79 60 20 191 224 310 122 72 230 20 365 400 397 82 
71 411 215 342 160 228 474 148 176 130 377 186 161 199 493 35 149 407 397 334 482 96 388 299 444 0 368 182 129 274 23 349 304 361 110 209 473 112 396 245 
239 270 156 197 106 423 138 144 185 76 89 48 492 431 239 461 266 467 368 367 143 373 192 228 79 368 0 416 98 404 137 303 258 19 36 388 207 278 369 191 
175 369 256 241 14 264 376 477 253 354 354 217 237 268 272 94 180 413 243 131 197 156 37 57 60 182 416 0 493 277 329 111 70 112 37 268 149 412 446 476 
91 475 121 3 490 345 254 448 227 61 327 56 34 494 493 60 406 318 253 294 346 123 5 282 20 129 98 493 0 247 461 260 418 120 328 295 190 167 24 343 
491 150 148 360 109 48 253 18 46 194 52 493 213 39 482 442 458 388 164 68 274 497 242 214 191 274 404 277 247 0 143 116 389 127 161 230 454 28 379 34 
177 268 42 51 266 436 143 248 67 403 460 2 297 17 257 49 442 165 175 493 141 454 364 91 224 23 137 329 461 143 0 350 487 308 494 25 156 52 233 45 
177 57 234 408 58 335 2 417 334 251 24 375 385 297 99 364 494 129 492 25 104 231 394 299 310 349 303 111 260 116 350 0 1 65 430 101 2 355 304 148 
392 76 464 18 350 277 308 328 358 88 451 131 229 305 49 74 131 338 300 262 401 325 259 437 122 304 258 70 418 389 487 1 0 22 389 341 217 198 456 261 
312 308 486 381 279 50 4 450 256 260 440 48 209 54 411 197 167 320 265 487 296 60 212 98 72 361 19 112 120 127 308 65 22 0 182 36 325 232 323 67 
54 414 143 33 450 192 481 270 471 474 413 216 413 113 403 8 148 16 67 231 315 414 239 204 230 110 36 37 328 161 494 430 389 182 0 278 310 236 37 261 
194 192 145 169 201 494 469 156 149 73 157 21 416 448 152 380 10 14 305 160 381 416 87 478 20 209 388 268 295 230 25 101 341 36 278 0 427 245 325 321 
243 60 358 71 36 153 140 258 471 286 27 299 371 301 342 471 327 157 22 413 124 430 286 198 365 473 207 149 190 454 156 2 217 325 310 427 0 396 437 194 
200 327 430 274 276 456 90 415 394 465 456 434 181 87 66 28 16 417 297 63 493 200 15 389 400 112 278 412 167 28 52 355 198 232 236 245 396 0 29 200 
453 477 131 277 344 500 372 116 109 401 127 131 300 430 254 389 443 206 65 99 378 250 295 346 397 396 369 446 24 379 233 304 456 323 37 325 437 29 0 321 
272 122 147 66 34 267 98 194 14 348 78 433 448 88 255 473 235 143 283 9 25 66 203 495 82 245 191 476 343 34 45 148 261 67 261 321 194 200 321 0 
EOF