NAME:generated33.tsp
TYPE:TSP
COMMENT:generatedFromCode
DIMENSION:33
EDGE_WEIGHT_TYPE:EXPLICIT
EDGE_WEIGHT_FORMAT:FULL_MATRIX
EDGE_WEIGHT_SECTION
0 248 76 161 310 433 206 283 332 203 219 410 251 95 14 464 231 153 407 412 468 184 236 93 326 44 473 422 454 312 304 278 51 
248 0 9 368 47 44 487 239 201 415 131 366 400 74 88 436 318 394 490 215 162 286 424 170 234 113 404 494 422 82 201 43 365 
76 9 0 466 84 489 127 55 203 96 359 300 290 17 459 60 259 495 99 344 345 184 98 151 71 139 235 393 17 134 362 200 183 
161 368 466 0 383 81 196 261 305 161 254 395 228 217 101 26 64 67 425 454 266 196 25 346 428 149 402 237 35 379 362 450 150 
310 47 84 383 0 311 260 290 152 366 382 240 334 50 169 206 162 222 96 362 19 111 159 391 367 64 309 69 373 186 220 98 450 
433 44 489 81 311 0 315 144 487 345 244 63 386 414 454 127 241 485 298 372 379 128 115 24 110 246 423 300 81 344 409 265 306 
206 487 127 196 260 315 0 103 418 299 430 16 143 328 128 145 46 148 436 5 258 160 361 482 120 248 224 88 427 286 458 264 440 
283 239 55 261 290 144 103 0 463 440 18 463 84 66 288 497 446 342 64 254 393 321 360 240 439 466 496 96 207 250 436 105 456 
332 201 203 305 152 487 418 463 0 148 11 411 477 382 447 470 41 144 213 251 459 303 483 446 477 308 432 333 16 266 192 455 333 
203 415 96 161 366 345 299 440 148 0 373 428 432 123 205 117 212 469 159 368 147 317 270 249 32 273 5 220 53 204 190 95 465 
219 131 359 254 382 244 430 18 11 373 0 21 334 458 87 300 75 387 298 109 350 345 326 221 275 339 114 106 329 101 470 294 226 
410 366 300 395 240 63 16 463 411 428 21 0 283 19 407 399 337 172 101 116 189 128 17 58 450 213 9 344 153 447 19 223 295 
251 400 290 228 334 386 143 84 477 432 334 283 0 129 479 418 343 319 427 62 152 472 253 339 280 462 39 34 94 169 90 415 377 
95 74 17 217 50 414 328 66 382 123 458 19 129 0 180 449 454 258 198 371 386 212 287 468 350 62 145 300 348 453 242 72 362 
14 88 459 101 169 454 128 288 447 205 87 407 479 180 0 202 39 1 143 290 34 274 486 260 431 37 409 463 476 150 20 393 323 
464 436 60 26 206 127 145 497 470 117 300 399 418 449 202 0 7 459 242 80 63 222 165 239 52 491 112 11 30 333 203 76 274 
231 318 259 64 162 241 46 446 41 212 75 337 343 454 39 7 0 123 51 351 63 359 375 299 276 365 66 77 191 430 174 391 268 
153 394 495 67 222 485 148 342 144 469 387 172 319 258 1 459 123 0 41 9 226 296 395 130 67 227 189 422 55 28 376 307 250 
407 490 99 425 96 298 436 64 213 159 298 101 427 198 143 242 51 41 0 469 480 352 364 135 161 447 208 30 230 196 118 492 383 
412 215 344 454 362 372 5 254 251 368 109 116 62 371 290 80 351 9 469 0 158 196 130 54 359 32 168 488 215 40 50 301 297 
468 162 345 266 19 379 258 393 459 147 350 189 152 386 34 63 63 226 480 158 0 14 143 257 437 14 445 396 137 469 261 197 487 
184 286 184 196 111 128 160 321 303 317 345 128 472 212 274 222 359 296 352 196 14 0 315 452 242 479 209 17 411 101 51 302 176 
236 424 98 25 159 115 361 360 483 270 326 17 253 287 486 165 375 395 364 130 143 315 0 297 215 490 491 149 95 369 367 42 435 
93 170 151 346 391 24 482 240 446 249 221 58 339 468 260 239 299 130 135 54 257 452 297 0 457 309 487 351 454 5 470 203 329 
326 234 71 428 367 110 120 439 477 32 275 450 280 350 431 52 276 67 161 359 437 242 215 457 0 101 208 68 157 12 128 66 7 
44 113 139 149 64 246 248 466 308 273 339 213 462 62 37 491 365 227 447 32 14 479 490 309 101 0 182 299 370 347 493 446 363 
473 404 235 402 309 423 224 496 432 5 114 9 39 145 409 112 66 189 208 168 445 209 491 487 208 182 0 154 491 199 423 298 143 
422 494 393 237 69 300 88 96 333 220 106 344 34 300 463 11 77 422 30 488 396 17 149 351 68 299 154 0 81 203 440 233 351 
454 422 17 35 373 81 427 207 16 53 329 153 94 348 476 30 191 55 230 215 137 411 95 454 157 370 491 81 0 495 445 386 499 
312 82 134 379 186 344 286 250 266 204 101 447 169 453 150 333 430 28 196 40 469 101 369 5 12 347 199 203 495 0 474 467 110 
304 201 362 362 220 409 458 436 192 190 470 19 90 242 20 203 174 376 118 50 261 51 367 470 128 493 423 440 445 474 0 399 438 
278 43 200 450 98 265 264 105 455 95 294 223 415 72 393 76 391 307 492 301 197 302 42 203 66 446 298 233 386 467 399 0 421 
51 365 183 150 450 306 440 456 333 465 226 295 377 362 323 274 268 250 383 297 487 176 435 329 7 363 143 351 499 110 438 421 0 
EOF