NAME:generated43.tsp
TYPE:TSP
COMMENT:generatedFromCode
DIMENSION:43
EDGE_WEIGHT_TYPE:EXPLICIT
EDGE_WEIGHT_FORMAT:FULL_MATRIX
EDGE_WEIGHT_SECTION
0 311 168 221 220 106 205 429 164 24 54 36 456 296 6 381 268 425 196 497 442 263 292 126 384 460 105 384 469 250 71 38 249 278 105 230 161 409 212 446 310 488 84 
311 0 62 256 365 442 294 94 360 19 274 28 359 185 303 30 414 256 287 379 74 118 323 76 316 113 389 62 304 368 461 237 318 128 116 199 68 225 83 80 382 390 216 
168 62 0 391 7 66 402 12 117 167 150 428 59 363 410 386 216 400 461 127 102 320 418 269 428 166 290 3 437 183 384 312 187 449 399 457 151 439 176 304 201 65 64 
221 256 391 0 174 377 71 88 31 43 4 102 277 41 125 74 366 471 397 298 106 392 356 342 212 206 55 96 139 282 146 115 13 69 196 441 431 162 486 427 499 97 178 
220 365 7 174 0 432 110 403 14 228 16 103 82 90 390 169 118 484 263 341 396 6 30 281 4 98 78 362 333 194 153 57 455 306 307 450 241 232 211 433 324 261 76 
106 442 66 377 432 0 448 5 42 457 159 292 42 316 30 149 258 436 416 172 238 273 492 3 162 86 397 466 149 105 105 262 209 113 155 335 327 500 133 205 420 122 107 
205 294 402 71 110 448 0 68 365 57 414 14 138 383 307 247 233 433 303 27 345 153 371 417 461 378 108 72 267 98 17 430 396 273 292 246 458 185 377 46 112 1 172 
429 94 12 88 403 5 68 0 250 168 109 158 204 90 494 179 212 172 190 19 110 21 407 469 57 471 132 51 170 248 284 291 253 315 90 453 467 487 228 186 106 455 36 
164 360 117 31 14 42 365 250 0 364 189 94 260 204 195 266 89 232 257 189 70 473 361 348 358 176 22 473 215 235 70 312 301 402 479 202 186 70 353 144 103 371 186 
24 19 167 43 228 457 57 168 364 0 144 63 269 99 179 118 60 175 370 385 372 385 50 172 165 59 441 352 195 100 196 230 486 137 86 387 482 56 234 161 9 161 344 
54 274 150 4 16 159 414 109 189 144 0 371 199 305 355 65 169 391 11 395 385 357 461 185 410 64 100 41 53 4 179 5 243 138 10 175 276 34 189 48 267 411 218 
36 28 428 102 103 292 14 158 94 63 371 0 216 322 289 239 130 44 270 140 243 42 456 126 191 191 390 440 268 119 233 365 434 406 49 123 31 312 400 134 279 181 183 
456 359 59 277 82 42 138 204 260 269 199 216 0 263 462 238 442 130 265 325 352 62 175 69 191 248 233 140 137 267 44 211 228 55 309 23 115 383 193 188 22 120 354 
296 185 363 41 90 316 383 90 204 99 305 322 263 0 210 322 54 74 247 289 328 102 272 84 160 498 431 57 264 499 472 204 196 481 415 489 476 406 30 488 100 38 271 
6 303 410 125 390 30 307 494 195 179 355 289 462 210 0 291 163 25 167 355 479 310 420 305 490 258 497 55 94 120 96 111 465 233 329 436 120 327 287 271 52 414 482 
381 30 386 74 169 149 247 179 266 118 65 239 238 322 291 0 191 90 275 396 392 439 420 449 444 471 335 66 259 3 63 231 492 104 49 268 397 143 287 201 352 10 358 
268 414 216 366 118 258 233 212 89 60 169 130 442 54 163 191 0 121 122 368 271 289 425 211 442 136 264 17 188 106 161 273 110 229 210 184 263 327 32 475 357 154 250 
425 256 400 471 484 436 433 172 232 175 391 44 130 74 25 90 121 0 214 302 165 77 382 450 444 79 167 99 245 493 441 377 299 140 464 155 310 487 173 158 189 207 239 
196 287 461 397 263 416 303 190 257 370 11 270 265 247 167 275 122 214 0 120 257 219 302 448 199 262 327 96 184 410 64 79 323 238 425 500 499 411 496 86 233 239 204 
497 379 127 298 341 172 27 19 189 385 395 140 325 289 355 396 368 302 120 0 170 87 6 40 138 498 358 110 348 345 468 494 94 351 86 21 438 112 256 161 285 27 182 
442 74 102 106 396 238 345 110 70 372 385 243 352 328 479 392 271 165 257 170 0 243 28 318 33 438 71 217 74 162 189 312 477 285 8 175 26 361 69 71 103 466 95 
263 118 320 392 6 273 153 21 473 385 357 42 62 102 310 439 289 77 219 87 243 0 26 362 32 349 151 230 392 476 328 56 452 449 324 385 109 235 72 216 153 493 248 
292 323 418 356 30 492 371 407 361 50 461 456 175 272 420 420 425 382 302 6 28 26 0 337 328 323 478 99 286 197 462 126 18 155 144 253 257 27 358 53 486 356 465 
126 76 269 342 281 3 417 469 348 172 185 126 69 84 305 449 211 450 448 40 318 362 337 0 492 276 481 59 171 160 277 87 190 153 468 280 125 474 6 433 490 75 287 
384 316 428 212 4 162 461 57 358 165 410 191 191 160 490 444 442 444 199 138 33 32 328 492 0 240 406 422 43 129 484 55 390 177 121 213 266 220 449 136 91 348 200 
460 113 166 206 98 86 378 471 176 59 64 191 248 498 258 471 136 79 262 498 438 349 323 276 240 0 92 267 16 116 371 60 144 290 266 243 1 367 111 146 207 189 299 
105 389 290 55 78 397 108 132 22 441 100 390 233 431 497 335 264 167 327 358 71 151 478 481 406 92 0 53 104 267 178 300 136 201 196 72 339 339 379 159 207 188 376 
384 62 3 96 362 466 72 51 473 352 41 440 140 57 55 66 17 99 96 110 217 230 99 59 422 267 53 0 68 423 333 406 87 463 455 96 121 217 458 207 264 20 431 
469 304 437 139 333 149 267 170 215 195 53 268 137 264 94 259 188 245 184 348 74 392 286 171 43 16 104 68 0 80 422 2 337 75 107 187 470 60 11 39 135 281 281 
250 368 183 282 194 105 98 248 235 100 4 119 267 499 120 3 106 493 410 345 162 476 197 160 129 116 267 423 80 0 4 26 100 180 306 474 286 159 447 117 400 292 51 
71 461 384 146 153 105 17 284 70 196 179 233 44 472 96 63 161 441 64 468 189 328 462 277 484 371 178 333 422 4 0 245 102 380 454 192 241 379 455 490 389 373 97 
38 237 312 115 57 262 430 291 312 230 5 365 211 204 111 231 273 377 79 494 312 56 126 87 55 60 300 406 2 26 245 0 11 283 420 308 101 46 72 423 210 396 399 
249 318 187 13 455 209 396 253 301 486 243 434 228 196 465 492 110 299 323 94 477 452 18 190 390 144 136 87 337 100 102 11 0 431 462 236 259 458 412 123 240 473 471 
278 128 449 69 306 113 273 315 402 137 138 406 55 481 233 104 229 140 238 351 285 449 155 153 177 290 201 463 75 180 380 283 431 0 464 414 211 171 303 286 331 243 156 
105 116 399 196 307 155 292 90 479 86 10 49 309 415 329 49 210 464 425 86 8 324 144 468 121 266 196 455 107 306 454 420 462 464 0 344 23 281 116 198 138 256 39 
230 199 457 441 450 335 246 453 202 387 175 123 23 489 436 268 184 155 500 21 175 385 253 280 213 243 72 96 187 474 192 308 236 414 344 0 27 71 182 441 121 304 442 
161 68 151 431 241 327 458 467 186 482 276 31 115 476 120 397 263 310 499 438 26 109 257 125 266 1 339 121 470 286 241 101 259 211 23 27 0 175 427 445 419 92 281 
409 225 439 162 232 500 185 487 70 56 34 312 383 406 327 143 327 487 411 112 361 235 27 474 220 367 339 217 60 159 379 46 458 171 281 71 175 0 460 434 389 234 37 
212 83 176 486 211 133 377 228 353 234 189 400 193 30 287 287 32 173 496 256 69 72 358 6 449 111 379 458 11 447 455 72 412 303 116 182 427 460 0 280 97 73 270 
446 80 304 427 433 205 46 186 144 161 48 134 188 488 271 201 475 158 86 161 71 216 53 433 136 146 159 207 39 117 490 423 123 286 198 441 445 434 280 0 404 145 15 
310 382 201 499 324 420 112 106 103 9 267 279 22 100 52 352 357 189 233 285 103 153 486 490 91 207 207 264 135 400 389 210 240 331 138 121 419 389 97 404 0 241 447 
488 390 65 97 261 122 1 455 371 161 411 181 120 38 414 10 154 207 239 27 466 493 356 75 348 189 188 20 281 292 373 396 473 243 256 304 92 234 73 145 241 0 391 
84 216 64 178 76 107 172 36 186 344 218 183 354 271 482 358 250 239 204 182 95 248 465 287 200 299 376 431 281 51 97 399 471 156 39 442 281 37 270 15 447 391 0 
EOF