NAME:generated22.tsp
TYPE:TSP
COMMENT:generatedFromCode
DIMENSION:22
EDGE_WEIGHT_TYPE:EXPLICIT
EDGE_WEIGHT_FORMAT:FULL_MATRIX
EDGE_WEIGHT_SECTION
0 138 357 460 357 139 93 422 360 85 204 413 46 325 287 30 158 272 45 185 130 41 
138 0 436 468 319 177 393 110 399 266 22 447 371 361 45 459 298 244 416 100 471 196 
357 436 0 31 284 2 299 102 315 238 120 307 189 69 29 234 190 164 421 8 446 169 
460 468 31 0 124 433 288 339 328 220 190 40 405 140 447 45 371 467 183 301 142 390 
357 319 284 124 0 138 250 475 173 208 401 53 205 324 488 278 103 60 287 435 81 312 
139 177 2 433 138 0 178 309 223 92 152 270 279 303 93 72 288 405 259 171 273 100 
93 393 299 288 250 178 0 479 445 82 311 311 217 190 263 342 356 208 487 32 124 227 
422 110 102 339 475 309 479 0 126 62 178 91 130 433 399 5 343 403 357 78 264 353 
360 399 315 328 173 223 445 126 0 347 221 13 484 166 477 358 213 109 424 38 19 131 
85 266 238 220 208 92 82 62 347 0 121 324 344 492 19 442 243 137 175 59 76 372 
204 22 120 190 401 152 311 178 221 121 0 344 223 76 84 85 100 254 148 327 292 442 
413 447 307 40 53 270 311 91 13 324 344 0 410 39 232 113 498 222 90 426 411 379 
46 371 189 405 205 279 217 130 484 344 223 410 0 154 360 126 493 150 283 260 290 124 
325 361 69 140 324 303 190 433 166 492 76 39 154 0 3 450 170 169 22 11 364 46 
287 45 29 447 488 93 263 399 477 19 84 232 360 3 0 294 200 34 261 36 245 452 
30 459 234 45 278 72 342 5 358 442 85 113 126 450 294 0 73 15 134 287 499 479 
158 298 190 371 103 288 356 343 213 243 100 498 493 170 200 73 0 69 486 122 375 293 
272 244 164 467 60 405 208 403 109 137 254 222 150 169 34 15 69 0 268 276 24 146 
45 416 421 183 287 259 487 357 424 175 148 90 283 22 261 134 486 268 0 451 361 264 
185 100 8 301 435 171 32 78 38 59 327 426 260 11 36 287 122 276 451 0 339 17 
130 471 446 142 81 273 124 264 19 76 292 411 290 364 245 499 375 24 361 339 0 346 
41 196 169 390 312 100 227 353 131 372 442 379 124 46 452 479 293 146 264 17 346 0 
EOF