NAME:generated34.tsp
TYPE:TSP
COMMENT:generatedFromCode
DIMENSION:34
EDGE_WEIGHT_TYPE:EXPLICIT
EDGE_WEIGHT_FORMAT:FULL_MATRIX
EDGE_WEIGHT_SECTION
0 172 279 46 86 160 284 481 97 79 16 7 328 372 335 277 275 100 458 414 264 291 198 206 329 334 295 133 384 61 242 154 449 34 
172 0 115 449 80 141 19 75 241 221 369 247 493 118 27 164 3 392 68 34 483 313 360 305 374 363 211 137 331 85 497 271 103 126 
279 115 0 282 410 435 289 45 333 198 154 222 432 208 45 20 81 311 423 196 442 431 261 12 332 81 200 59 386 408 181 358 298 214 
46 449 282 0 460 434 10 138 64 102 191 48 332 375 246 42 337 26 120 257 43 247 384 484 165 496 154 376 21 235 115 187 415 55 
86 80 410 460 0 302 35 460 420 469 489 294 166 376 31 154 52 280 410 475 457 92 260 321 439 285 96 348 154 92 118 486 451 272 
160 141 435 434 302 0 125 218 253 144 484 70 440 145 65 139 485 140 84 40 61 35 4 269 69 334 233 5 416 440 269 38 371 329 
284 19 289 10 35 125 0 52 435 110 410 454 85 192 403 404 414 277 309 289 324 6 260 106 18 329 383 328 168 245 241 254 95 176 
481 75 45 138 460 218 52 0 358 46 259 463 2 160 424 202 25 180 78 8 488 335 65 373 367 94 171 450 36 354 172 405 406 199 
97 241 333 64 420 253 435 358 0 149 446 430 58 272 65 346 284 367 18 39 313 261 65 448 429 160 145 63 246 77 18 136 258 106 
79 221 198 102 469 144 110 46 149 0 41 291 83 266 457 259 476 322 332 112 309 198 88 193 382 86 127 159 348 398 196 456 64 55 
16 369 154 191 489 484 410 259 446 41 0 282 279 32 456 125 303 71 383 203 338 173 477 5 304 99 97 335 184 136 487 298 290 88 
7 247 222 48 294 70 454 463 430 291 282 0 436 351 338 491 75 174 464 298 355 69 349 249 188 458 1 168 56 132 84 236 267 225 
328 493 432 332 166 440 85 2 58 83 279 436 0 10 285 248 355 406 326 465 436 206 390 305 486 77 436 409 469 297 385 253 424 276 
372 118 208 375 376 145 192 160 272 266 32 351 10 0 150 443 169 197 462 311 28 158 45 13 376 20 293 349 27 489 95 410 65 149 
335 27 45 246 31 65 403 424 65 457 456 338 285 150 0 125 413 368 400 35 302 399 151 127 3 468 53 450 103 29 340 444 402 290 
277 164 20 42 154 139 404 202 346 259 125 491 248 443 125 0 480 263 76 71 119 499 339 493 205 320 81 131 198 440 276 265 122 298 
275 3 81 337 52 485 414 25 284 476 303 75 355 169 413 480 0 303 137 129 136 194 360 427 221 38 396 213 382 412 91 457 18 262 
100 392 311 26 280 140 277 180 367 322 71 174 406 197 368 263 303 0 346 498 251 258 163 352 108 185 204 378 491 47 217 316 471 249 
458 68 423 120 410 84 309 78 18 332 383 464 326 462 400 76 137 346 0 279 243 335 50 462 475 268 295 280 9 125 25 107 325 403 
414 34 196 257 475 40 289 8 39 112 203 298 465 311 35 71 129 498 279 0 97 285 222 282 173 382 211 423 380 202 84 283 208 35 
264 483 442 43 457 61 324 488 313 309 338 355 436 28 302 119 136 251 243 97 0 310 190 351 237 146 192 56 172 29 322 174 46 328 
291 313 431 247 92 35 6 335 261 198 173 69 206 158 399 499 194 258 335 285 310 0 64 489 214 310 365 51 396 30 63 58 34 165 
198 360 261 384 260 4 260 65 65 88 477 349 390 45 151 339 360 163 50 222 190 64 0 497 305 434 353 363 40 196 259 17 108 43 
206 305 12 484 321 269 106 373 448 193 5 249 305 13 127 493 427 352 462 282 351 489 497 0 398 487 330 323 408 7 387 178 177 135 
329 374 332 165 439 69 18 367 429 382 304 188 486 376 3 205 221 108 475 173 237 214 305 398 0 420 327 425 84 82 270 303 147 180 
334 363 81 496 285 334 329 94 160 86 99 458 77 20 468 320 38 185 268 382 146 310 434 487 420 0 238 8 419 316 291 128 324 192 
295 211 200 154 96 233 383 171 145 127 97 1 436 293 53 81 396 204 295 211 192 365 353 330 327 238 0 484 271 214 166 384 198 45 
133 137 59 376 348 5 328 450 63 159 335 168 409 349 450 131 213 378 280 423 56 51 363 323 425 8 484 0 326 287 225 447 130 11 
384 331 386 21 154 416 168 36 246 348 184 56 469 27 103 198 382 491 9 380 172 396 40 408 84 419 271 326 0 436 354 498 332 213 
61 85 408 235 92 440 245 354 77 398 136 132 297 489 29 440 412 47 125 202 29 30 196 7 82 316 214 287 436 0 401 361 157 293 
242 497 181 115 118 269 241 172 18 196 487 84 385 95 340 276 91 217 25 84 322 63 259 387 270 291 166 225 354 401 0 165 139 315 
154 271 358 187 486 38 254 405 136 456 298 236 253 410 444 265 457 316 107 283 174 58 17 178 303 128 384 447 498 361 165 0 436 240 
449 103 298 415 451 371 95 406 258 64 290 267 424 65 402 122 18 471 325 208 46 34 108 177 147 324 198 130 332 157 139 436 0 181 
34 126 214 55 272 329 176 199 106 55 88 225 276 149 290 298 262 249 403 35 328 165 43 135 180 192 45 11 213 293 315 240 181 0 
EOF