NAME:generated42.tsp
TYPE:TSP
COMMENT:generatedFromCode
DIMENSION:42
EDGE_WEIGHT_TYPE:EXPLICIT
EDGE_WEIGHT_FORMAT:FULL_MATRIX
EDGE_WEIGHT_SECTION
0 409 391 318 272 365 466 314 247 53 438 194 257 363 129 347 320 467 444 167 197 258 476 455 462 131 205 313 130 286 309 283 325 192 59 322 95 118 485 126 328 257 
409 0 234 93 205 274 196 74 182 36 45 81 471 310 216 404 432 85 467 7 496 46 335 71 72 312 383 171 447 372 60 300 389 136 493 315 258 121 18 73 68 296 
391 234 0 482 163 16 384 5 137 285 366 215 243 285 109 383 154 144 15 43 16 102 184 92 132 429 221 345 460 307 383 239 299 428 453 459 421 303 415 191 233 485 
318 93 482 0 345 25 326 47 292 466 153 106 267 71 418 304 136 450 477 72 260 238 35 324 176 6 269 210 230 335 236 153 171 161 58 121 378 57 432 142 9 332 
272 205 163 345 0 480 485 247 386 76 411 450 199 448 174 181 46 421 290 180 437 254 484 30 360 360 161 288 5 236 244 233 322 179 436 206 269 302 433 350 261 99 
365 274 16 25 480 0 25 140 486 448 216 396 223 405 495 175 186 319 288 207 328 220 271 466 81 184 335 466 258 294 415 461 497 43 102 386 356 466 130 56 118 138 
466 196 384 326 485 25 0 409 33 347 452 81 237 110 52 317 96 228 152 167 202 450 306 301 45 347 175 339 420 275 421 233 218 415 102 180 413 442 469 126 400 380 
314 74 5 47 247 140 409 0 397 196 347 69 296 464 249 132 134 150 394 444 333 478 118 230 363 278 326 332 441 102 318 70 35 249 258 43 382 397 57 371 449 67 
247 182 137 292 386 486 33 397 0 11 426 419 280 130 463 11 27 7 166 217 362 122 399 305 350 219 132 334 71 446 340 200 416 205 205 376 453 13 23 295 198 338 
53 36 285 466 76 448 347 196 11 0 15 314 281 491 266 78 186 301 386 204 414 403 233 322 214 43 411 422 6 274 331 210 378 465 20 208 483 454 126 192 441 305 
438 45 366 153 411 216 452 347 426 15 0 170 433 339 228 10 229 328 173 446 96 253 258 466 141 147 38 373 249 394 458 265 48 70 82 280 158 37 321 354 72 425 
194 81 215 106 450 396 81 69 419 314 170 0 414 500 179 363 221 441 304 160 81 355 149 427 236 448 435 128 8 457 384 187 102 255 107 276 200 280 29 394 235 468 
257 471 243 267 199 223 237 296 280 281 433 414 0 274 89 307 45 53 348 66 231 248 274 87 197 448 413 331 152 443 289 125 377 455 498 63 496 418 56 259 286 418 
363 310 285 71 448 405 110 464 130 491 339 500 274 0 262 66 152 279 185 418 385 42 23 76 406 181 467 314 219 100 382 221 402 118 270 161 311 309 134 339 342 422 
129 216 109 418 174 495 52 249 463 266 228 179 89 262 0 51 335 100 176 10 332 406 474 474 321 335 159 6 277 109 362 454 485 479 434 434 100 141 284 256 416 176 
347 404 383 304 181 175 317 132 11 78 10 363 307 66 51 0 390 332 451 495 198 444 68 226 412 201 335 117 388 367 383 449 440 151 111 103 192 387 390 195 374 330 
320 432 154 136 46 186 96 134 27 186 229 221 45 152 335 390 0 310 471 172 10 94 159 328 486 100 244 3 464 163 442 293 59 293 63 421 212 71 477 444 434 304 
467 85 144 450 421 319 228 150 7 301 328 441 53 279 100 332 310 0 5 246 71 452 164 63 25 442 306 155 341 195 418 113 458 432 69 429 149 190 259 476 4 405 
444 467 15 477 290 288 152 394 166 386 173 304 348 185 176 451 471 5 0 334 184 9 187 16 255 293 462 319 205 317 391 382 438 403 304 219 12 367 52 111 189 500 
167 7 43 72 180 207 167 444 217 204 446 160 66 418 10 495 172 246 334 0 349 230 279 121 54 388 177 153 283 411 125 267 362 290 483 330 475 400 192 481 259 81 
197 496 16 260 437 328 202 333 362 414 96 81 231 385 332 198 10 71 184 349 0 226 8 383 98 164 22 363 367 329 326 429 179 498 8 492 350 367 245 327 198 137 
258 46 102 238 254 220 450 478 122 403 253 355 248 42 406 444 94 452 9 230 226 0 305 60 330 25 108 149 494 472 267 476 497 144 117 421 255 170 246 126 354 24 
476 335 184 35 484 271 306 118 399 233 258 149 274 23 474 68 159 164 187 279 8 305 0 46 470 183 133 16 302 365 275 21 81 110 216 488 113 406 40 316 39 159 
455 71 92 324 30 466 301 230 305 322 466 427 87 76 474 226 328 63 16 121 383 60 46 0 413 156 258 369 432 362 69 353 267 93 203 172 328 231 251 167 177 167 
462 72 132 176 360 81 45 363 350 214 141 236 197 406 321 412 486 25 255 54 98 330 470 413 0 154 157 420 344 109 25 301 27 149 20 169 105 344 148 94 403 189 
131 312 429 6 360 184 347 278 219 43 147 448 448 181 335 201 100 442 293 388 164 25 183 156 154 0 406 389 105 463 410 63 129 24 461 314 114 232 371 493 257 47 
205 383 221 269 161 335 175 326 132 411 38 435 413 467 159 335 244 306 462 177 22 108 133 258 157 406 0 185 347 274 119 133 205 374 164 413 423 323 54 261 200 149 
313 171 345 210 288 466 339 332 334 422 373 128 331 314 6 117 3 155 319 153 363 149 16 369 420 389 185 0 417 320 71 372 492 60 73 497 116 96 316 122 89 459 
130 447 460 230 5 258 420 441 71 6 249 8 152 219 277 388 464 341 205 283 367 494 302 432 344 105 347 417 0 354 428 276 415 123 67 107 283 379 329 451 329 224 
286 372 307 335 236 294 275 102 446 274 394 457 443 100 109 367 163 195 317 411 329 472 365 362 109 463 274 320 354 0 211 300 454 322 4 458 59 59 382 418 60 221 
309 60 383 236 244 415 421 318 340 331 458 384 289 382 362 383 442 418 391 125 326 267 275 69 25 410 119 71 428 211 0 154 106 423 190 343 482 179 440 102 275 45 
283 300 239 153 233 461 233 70 200 210 265 187 125 221 454 449 293 113 382 267 429 476 21 353 301 63 133 372 276 300 154 0 341 408 445 371 220 5 436 247 360 472 
325 389 299 171 322 497 218 35 416 378 48 102 377 402 485 440 59 458 438 362 179 497 81 267 27 129 205 492 415 454 106 341 0 234 303 461 198 392 74 421 15 26 
192 136 428 161 179 43 415 249 205 465 70 255 455 118 479 151 293 432 403 290 498 144 110 93 149 24 374 60 123 322 423 408 234 0 285 305 331 420 288 352 61 251 
59 493 453 58 436 102 102 258 205 20 82 107 498 270 434 111 63 69 304 483 8 117 216 203 20 461 164 73 67 4 190 445 303 285 0 398 70 10 307 280 348 140 
322 315 459 121 206 386 180 43 376 208 280 276 63 161 434 103 421 429 219 330 492 421 488 172 169 314 413 497 107 458 343 371 461 305 398 0 25 484 192 289 344 117 
95 258 421 378 269 356 413 382 453 483 158 200 496 311 100 192 212 149 12 475 350 255 113 328 105 114 423 116 283 59 482 220 198 331 70 25 0 73 470 188 467 24 
118 121 303 57 302 466 442 397 13 454 37 280 418 309 141 387 71 190 367 400 367 170 406 231 344 232 323 96 379 59 179 5 392 420 10 484 73 0 467 364 323 52 
485 18 415 432 433 130 469 57 23 126 321 29 56 134 284 390 477 259 52 192 245 246 40 251 148 371 54 316 329 382 440 436 74 288 307 192 470 467 0 348 316 465 
126 73 191 142 350 56 126 371 295 192 354 394 259 339 256 195 444 476 111 481 327 126 316 167 94 493 261 122 451 418 102 247 421 352 280 289 188 364 348 0 62 340 
328 68 233 9 261 118 400 449 198 441 72 235 286 342 416 374 434 4 189 259 198 354 39 177 403 257 200 89 329 60 275 360 15 61 348 344 467 323 316 62 0 349 
257 296 485 332 99 138 380 67 338 305 425 468 418 422 176 330 304 405 500 81 137 24 159 167 189 47 149 459 224 221 45 472 26 251 140 117 24 52 465 340 349 0 
EOF