NAME:generated14.tsp
TYPE:TSP
COMMENT:generatedFromCode
DIMENSION:14
EDGE_WEIGHT_TYPE:EXPLICIT
EDGE_WEIGHT_FORMAT:FULL_MATRIX
EDGE_WEIGHT_SECTION
0 117 188 36 497 271 398 428 210 253 140 53 197 162 
117 0 296 227 96 336 140 443 123 71 16 170 142 401 
188 296 0 85 328 121 155 31 135 282 232 46 453 494 
36 227 85 0 472 402 45 18 108 110 285 271 124 337 
497 96 328 472 0 104 40 433 412 34 55 280 184 464 
271 336 121 402 104 0 310 174 204 367 163 318 281 1 
398 140 155 45 40 310 0 266 416 272 231 450 39 39 
428 443 31 18 433 174 266 0 334 99 222 200 221 215 
210 123 135 108 412 204 416 334 0 465 486 53 254 183 
253 71 282 110 34 367 272 99 465 0 50 253 14 283 
140 16 232 285 55 163 231 222 486 50 0 181 241 330 
53 170 46 271 280 318 450 200 53 253 181 0 135 174 
197 142 453 124 184 281 39 221 254 14 241 135 0 206 
162 401 494 337 464 1 39 215 183 283 330 174 206 0 
EOF