NAME:generated19.tsp
TYPE:TSP
COMMENT:generatedFromCode
DIMENSION:19
EDGE_WEIGHT_TYPE:EXPLICIT
EDGE_WEIGHT_FORMAT:FULL_MATRIX
EDGE_WEIGHT_SECTION
0 132 471 226 17 105 384 45 18 451 63 419 326 494 264 280 426 323 323 
132 0 263 9 269 253 22 275 103 222 4 234 11 108 290 394 399 420 496 
471 263 0 248 246 214 118 387 329 321 334 475 50 227 391 349 157 310 319 
226 9 248 0 258 157 245 325 355 241 229 270 149 344 479 169 370 361 496 
17 269 246 258 0 500 148 299 10 341 461 433 87 357 182 241 227 416 96 
105 253 214 157 500 0 182 339 389 432 402 270 163 49 253 323 80 339 107 
384 22 118 245 148 182 0 93 353 431 448 342 242 397 222 167 488 205 490 
45 275 387 325 299 339 93 0 62 300 205 151 166 333 491 119 367 17 127 
18 103 329 355 10 389 353 62 0 444 165 40 466 78 411 438 129 254 482 
451 222 321 241 341 432 431 300 444 0 134 355 206 272 271 472 437 302 330 
63 4 334 229 461 402 448 205 165 134 0 68 350 361 252 203 100 240 285 
419 234 475 270 433 270 342 151 40 355 68 0 38 309 496 256 2 191 362 
326 11 50 149 87 163 242 166 466 206 350 38 0 157 392 242 309 321 441 
494 108 227 344 357 49 397 333 78 272 361 309 157 0 239 240 465 175 304 
264 290 391 479 182 253 222 491 411 271 252 496 392 239 0 206 482 215 337 
280 394 349 169 241 323 167 119 438 472 203 256 242 240 206 0 126 299 212 
426 399 157 370 227 80 488 367 129 437 100 2 309 465 482 126 0 247 234 
323 420 310 361 416 339 205 17 254 302 240 191 321 175 215 299 247 0 415 
323 496 319 496 96 107 490 127 482 330 285 362 441 304 337 212 234 415 0 
EOF