NAME:generated47.tsp
TYPE:TSP
COMMENT:generatedFromCode
DIMENSION:47
EDGE_WEIGHT_TYPE:EXPLICIT
EDGE_WEIGHT_FORMAT:FULL_MATRIX
EDGE_WEIGHT_SECTION
0 270 367 331 150 192 482 407 308 355 274 368 91 480 356 53 56 344 154 306 124 280 230 322 225 99 429 73 464 300 494 190 199 214 391 75 25 173 301 358 332 207 224 420 478 466 189 
270 0 445 82 172 108 435 365 461 292 46 148 431 237 151 277 388 8 355 150 415 84 247 161 204 204 418 329 129 108 423 223 181 86 207 496 373 174 336 466 176 315 35 209 287 219 404 
367 445 0 177 72 344 92 21 69 405 355 189 81 193 314 380 452 170 335 407 380 237 80 234 259 303 345 344 261 179 465 232 457 495 198 143 496 496 239 143 141 298 63 150 181 99 244 
331 82 177 0 248 393 370 237 481 96 239 40 291 338 433 382 358 365 168 88 296 127 365 58 135 81 91 178 141 183 387 351 188 191 317 174 294 406 116 61 342 404 484 102 419 315 411 
150 172 72 248 0 291 277 447 95 51 6 213 345 127 414 361 321 487 394 13 280 354 390 307 113 5 133 334 33 359 453 228 465 216 127 285 337 231 204 11 102 80 221 254 436 99 488 
192 108 344 393 291 0 347 209 19 75 41 69 330 216 341 314 481 138 217 227 70 260 500 4 332 215 77 492 251 224 374 239 97 94 22 316 124 433 428 381 361 112 210 258 349 36 382 
482 435 92 370 277 347 0 80 474 241 488 219 219 308 1 258 443 6 142 406 287 489 395 44 263 32 181 382 172 35 6 292 107 456 284 335 408 355 61 439 431 93 78 282 254 323 286 
407 365 21 237 447 209 80 0 484 205 349 128 24 91 362 246 231 10 4 92 15 61 189 292 230 279 83 296 5 86 92 91 483 1 175 275 402 403 133 455 1 82 347 415 42 339 311 
308 461 69 481 95 19 474 484 0 144 306 470 198 42 41 35 193 43 316 478 262 169 418 121 69 459 368 336 454 368 481 354 277 456 228 5 397 472 105 290 249 384 343 314 361 15 470 
355 292 405 96 51 75 241 205 144 0 156 255 361 268 4 249 488 211 295 482 233 119 360 423 500 170 75 132 14 187 144 419 498 35 93 424 38 281 415 33 120 97 371 493 129 139 125 
274 46 355 239 6 41 488 349 306 156 0 359 299 201 85 436 257 90 429 365 315 336 225 250 165 193 169 356 157 177 212 295 27 391 418 476 463 326 479 124 500 45 416 433 312 186 283 
368 148 189 40 213 69 219 128 470 255 359 0 211 492 202 170 321 82 29 49 90 219 198 489 141 470 20 303 195 242 47 468 7 47 116 169 83 480 471 387 31 431 184 337 422 369 244 
91 431 81 291 345 330 219 24 198 361 299 211 0 485 391 32 280 143 252 338 450 247 301 188 339 338 96 227 416 148 205 297 341 249 403 116 195 48 308 486 121 11 166 168 334 204 394 
480 237 193 338 127 216 308 91 42 268 201 492 485 0 325 69 259 245 225 28 361 48 455 53 408 377 34 266 77 168 339 320 379 31 268 403 452 372 203 215 492 374 250 390 200 211 13 
356 151 314 433 414 341 1 362 41 4 85 202 391 325 0 92 233 181 129 151 177 192 380 68 263 290 492 233 378 56 224 393 70 317 305 37 315 428 37 325 53 155 214 194 81 477 149 
53 277 380 382 361 314 258 246 35 249 436 170 32 69 92 0 261 20 383 73 328 353 295 497 3 465 300 276 249 108 18 397 276 491 253 478 411 392 400 373 63 86 488 276 132 422 353 
56 388 452 358 321 481 443 231 193 488 257 321 280 259 233 261 0 372 204 465 280 465 404 243 141 237 426 467 207 375 346 399 458 301 241 395 204 11 436 445 271 450 221 103 30 429 382 
344 8 170 365 487 138 6 10 43 211 90 82 143 245 181 20 372 0 305 290 91 229 264 207 453 91 208 379 489 157 109 254 284 157 47 339 236 437 419 246 12 355 200 246 44 75 4 
154 355 335 168 394 217 142 4 316 295 429 29 252 225 129 383 204 305 0 345 208 494 312 497 336 396 233 177 230 397 379 377 75 160 314 22 347 376 388 381 234 262 326 58 62 478 122 
306 150 407 88 13 227 406 92 478 482 365 49 338 28 151 73 465 290 345 0 356 19 117 4 368 229 347 264 473 338 446 40 306 371 431 322 258 242 419 164 303 452 300 225 98 488 101 
124 415 380 296 280 70 287 15 262 233 315 90 450 361 177 328 280 91 208 356 0 459 229 357 444 179 122 472 19 477 175 385 153 449 207 18 101 276 385 156 167 139 206 399 330 53 27 
280 84 237 127 354 260 489 61 169 119 336 219 247 48 192 353 465 229 494 19 459 0 264 58 367 256 117 250 85 218 135 29 343 124 426 437 181 20 182 188 194 479 194 266 315 346 250 
230 247 80 365 390 500 395 189 418 360 225 198 301 455 380 295 404 264 312 117 229 264 0 379 403 431 380 309 34 1 26 108 358 379 169 490 253 198 182 37 321 197 298 11 193 292 335 
322 161 234 58 307 4 44 292 121 423 250 489 188 53 68 497 243 207 497 4 357 58 379 0 328 29 128 145 98 451 31 92 437 190 126 256 184 11 167 62 244 246 52 157 315 239 409 
225 204 259 135 113 332 263 230 69 500 165 141 339 408 263 3 141 453 336 368 444 367 403 328 0 57 140 22 165 235 25 476 26 205 85 252 447 311 163 369 417 398 279 80 50 216 499 
99 204 303 81 5 215 32 279 459 170 193 470 338 377 290 465 237 91 396 229 179 256 431 29 57 0 275 414 437 124 315 382 448 171 331 70 204 342 431 181 277 284 384 160 398 463 132 
429 418 345 91 133 77 181 83 368 75 169 20 96 34 492 300 426 208 233 347 122 117 380 128 140 275 0 55 97 51 32 127 1 243 352 213 150 15 436 233 330 438 84 466 410 485 277 
73 329 344 178 334 492 382 296 336 132 356 303 227 266 233 276 467 379 177 264 472 250 309 145 22 414 55 0 237 40 211 425 153 392 270 83 42 365 370 173 329 262 261 134 454 472 431 
464 129 261 141 33 251 172 5 454 14 157 195 416 77 378 249 207 489 230 473 19 85 34 98 165 437 97 237 0 327 151 141 242 292 293 197 9 311 424 304 96 104 411 96 452 463 244 
300 108 179 183 359 224 35 86 368 187 177 242 148 168 56 108 375 157 397 338 477 218 1 451 235 124 51 40 327 0 13 220 434 393 334 47 419 436 334 276 145 69 231 42 294 193 433 
494 423 465 387 453 374 6 92 481 144 212 47 205 339 224 18 346 109 379 446 175 135 26 31 25 315 32 211 151 13 0 338 192 401 306 493 22 203 353 366 266 428 145 295 200 143 463 
190 223 232 351 228 239 292 91 354 419 295 468 297 320 393 397 399 254 377 40 385 29 108 92 476 382 127 425 141 220 338 0 15 345 73 114 28 113 265 465 262 194 278 11 412 43 423 
199 181 457 188 465 97 107 483 277 498 27 7 341 379 70 276 458 284 75 306 153 343 358 437 26 448 1 153 242 434 192 15 0 199 209 140 274 202 342 214 472 405 334 333 103 341 109 
214 86 495 191 216 94 456 1 456 35 391 47 249 31 317 491 301 157 160 371 449 124 379 190 205 171 243 392 292 393 401 345 199 0 27 330 30 53 380 153 20 218 236 300 236 402 261 
391 207 198 317 127 22 284 175 228 93 418 116 403 268 305 253 241 47 314 431 207 426 169 126 85 331 352 270 293 334 306 73 209 27 0 333 50 405 66 412 306 213 491 499 44 143 350 
75 496 143 174 285 316 335 275 5 424 476 169 116 403 37 478 395 339 22 322 18 437 490 256 252 70 213 83 197 47 493 114 140 330 333 0 458 308 256 462 89 314 59 109 75 395 184 
25 373 496 294 337 124 408 402 397 38 463 83 195 452 315 411 204 236 347 258 101 181 253 184 447 204 150 42 9 419 22 28 274 30 50 458 0 187 42 216 354 40 476 190 292 214 91 
173 174 496 406 231 433 355 403 472 281 326 480 48 372 428 392 11 437 376 242 276 20 198 11 311 342 15 365 311 436 203 113 202 53 405 308 187 0 171 253 165 97 282 152 491 73 233 
301 336 239 116 204 428 61 133 105 415 479 471 308 203 37 400 436 419 388 419 385 182 182 167 163 431 436 370 424 334 353 265 342 380 66 256 42 171 0 282 204 110 267 336 428 213 76 
358 466 143 61 11 381 439 455 290 33 124 387 486 215 325 373 445 246 381 164 156 188 37 62 369 181 233 173 304 276 366 465 214 153 412 462 216 253 282 0 407 310 105 433 435 337 323 
332 176 141 342 102 361 431 1 249 120 500 31 121 492 53 63 271 12 234 303 167 194 321 244 417 277 330 329 96 145 266 262 472 20 306 89 354 165 204 407 0 179 270 13 58 32 12 
207 315 298 404 80 112 93 82 384 97 45 431 11 374 155 86 450 355 262 452 139 479 197 246 398 284 438 262 104 69 428 194 405 218 213 314 40 97 110 310 179 0 273 84 271 20 106 
224 35 63 484 221 210 78 347 343 371 416 184 166 250 214 488 221 200 326 300 206 194 298 52 279 384 84 261 411 231 145 278 334 236 491 59 476 282 267 105 270 273 0 97 352 352 466 
420 209 150 102 254 258 282 415 314 493 433 337 168 390 194 276 103 246 58 225 399 266 11 157 80 160 466 134 96 42 295 11 333 300 499 109 190 152 336 433 13 84 97 0 168 284 10 
478 287 181 419 436 349 254 42 361 129 312 422 334 200 81 132 30 44 62 98 330 315 193 315 50 398 410 454 452 294 200 412 103 236 44 75 292 491 428 435 58 271 352 168 0 246 204 
466 219 99 315 99 36 323 339 15 139 186 369 204 211 477 422 429 75 478 488 53 346 292 239 216 463 485 472 463 193 143 43 341 402 143 395 214 73 213 337 32 20 352 284 246 0 217 
189 404 244 411 488 382 286 311 470 125 283 244 394 13 149 353 382 4 122 101 27 250 335 409 499 132 277 431 244 433 463 423 109 261 350 184 91 233 76 323 12 106 466 10 204 217 0 
EOF