NAME:generated9.tsp
TYPE:TSP
COMMENT:generatedFromCode
DIMENSION:9
EDGE_WEIGHT_TYPE:EXPLICIT
EDGE_WEIGHT_FORMAT:FULL_MATRIX
EDGE_WEIGHT_SECTION
0 460 365 344 12 281 193 268 356 
460 0 143 369 106 238 10 335 105 
365 143 0 358 209 215 51 123 40 
344 369 358 0 143 301 477 131 203 
12 106 209 143 0 149 23 13 115 
281 238 215 301 149 0 160 228 303 
193 10 51 477 23 160 0 46 76 
268 335 123 131 13 228 46 0 154 
356 105 40 203 115 303 76 154 0 
EOF