NAME:generated25.tsp
TYPE:TSP
COMMENT:generatedFromCode
DIMENSION:25
EDGE_WEIGHT_TYPE:EXPLICIT
EDGE_WEIGHT_FORMAT:FULL_MATRIX
EDGE_WEIGHT_SECTION
0 200 391 31 56 335 34 143 60 404 80 330 111 81 370 146 147 123 482 343 146 122 326 376 441 
200 0 242 302 493 92 236 471 139 354 332 437 323 214 332 42 375 70 253 428 279 63 251 109 46 
391 242 0 190 311 229 463 329 93 340 306 65 484 384 199 250 93 237 427 403 69 491 348 356 254 
31 302 190 0 484 10 137 176 35 107 69 382 304 178 75 156 76 136 480 98 140 215 301 352 245 
56 493 311 484 0 88 494 411 403 442 482 32 422 231 105 83 308 55 428 487 48 331 309 393 46 
335 92 229 10 88 0 387 390 426 377 499 454 261 117 10 45 496 401 340 83 369 388 387 184 403 
34 236 463 137 494 387 0 66 316 86 14 385 391 228 401 121 454 389 455 85 229 232 221 486 175 
143 471 329 176 411 390 66 0 303 350 53 44 166 126 372 320 205 94 197 99 412 468 299 6 10 
60 139 93 35 403 426 316 303 0 227 173 73 60 163 104 309 43 190 483 95 8 277 229 313 7 
404 354 340 107 442 377 86 350 227 0 153 346 77 379 56 378 256 476 432 258 365 310 74 428 462 
80 332 306 69 482 499 14 53 173 153 0 357 314 246 298 296 383 390 215 270 165 461 90 439 90 
330 437 65 382 32 454 385 44 73 346 357 0 467 353 207 138 249 472 212 196 410 363 441 442 47 
111 323 484 304 422 261 391 166 60 77 314 467 0 35 407 204 303 135 463 120 301 401 120 274 339 
81 214 384 178 231 117 228 126 163 379 246 353 35 0 17 427 432 322 421 288 293 35 222 6 221 
370 332 199 75 105 10 401 372 104 56 298 207 407 17 0 438 38 469 292 233 346 72 400 232 441 
146 42 250 156 83 45 121 320 309 378 296 138 204 427 438 0 238 372 6 234 397 435 422 127 225 
147 375 93 76 308 496 454 205 43 256 383 249 303 432 38 238 0 344 278 351 65 223 260 473 399 
123 70 237 136 55 401 389 94 190 476 390 472 135 322 469 372 344 0 348 464 177 401 338 369 222 
482 253 427 480 428 340 455 197 483 432 215 212 463 421 292 6 278 348 0 267 383 43 4 499 298 
343 428 403 98 487 83 85 99 95 258 270 196 120 288 233 234 351 464 267 0 28 20 419 457 358 
146 279 69 140 48 369 229 412 8 365 165 410 301 293 346 397 65 177 383 28 0 491 386 500 277 
122 63 491 215 331 388 232 468 277 310 461 363 401 35 72 435 223 401 43 20 491 0 359 150 470 
326 251 348 301 309 387 221 299 229 74 90 441 120 222 400 422 260 338 4 419 386 359 0 345 108 
376 109 356 352 393 184 486 6 313 428 439 442 274 6 232 127 473 369 499 457 500 150 345 0 200 
441 46 254 245 46 403 175 10 7 462 90 47 339 221 441 225 399 222 298 358 277 470 108 200 0 
EOF