NAME:generated21.tsp
TYPE:TSP
COMMENT:generatedFromCode
DIMENSION:21
EDGE_WEIGHT_TYPE:EXPLICIT
EDGE_WEIGHT_FORMAT:FULL_MATRIX
EDGE_WEIGHT_SECTION
0 373 205 499 75 301 299 458 151 81 137 360 420 82 211 103 51 355 340 266 441 
373 0 368 461 366 417 387 276 381 176 465 369 489 206 20 27 405 274 88 185 378 
205 368 0 195 374 218 148 325 187 398 182 345 402 158 27 93 322 311 342 481 310 
499 461 195 0 285 25 271 286 269 134 350 157 313 450 176 479 160 473 486 9 418 
75 366 374 285 0 18 427 310 332 438 129 228 323 103 327 67 93 23 154 394 237 
301 417 218 25 18 0 19 42 120 212 201 107 137 432 347 301 373 412 337 65 323 
299 387 148 271 427 19 0 176 252 334 86 66 53 394 388 361 42 32 168 113 260 
458 276 325 286 310 42 176 0 266 298 271 293 46 116 447 174 343 451 367 407 137 
151 381 187 269 332 120 252 266 0 462 58 349 324 335 136 468 121 212 239 387 449 
81 176 398 134 438 212 334 298 462 0 43 143 421 332 444 30 121 2 91 376 380 
137 465 182 350 129 201 86 271 58 43 0 415 446 381 21 112 233 110 41 175 464 
360 369 345 157 228 107 66 293 349 143 415 0 372 33 275 431 59 113 138 371 492 
420 489 402 313 323 137 53 46 324 421 446 372 0 14 259 297 85 182 319 240 5 
82 206 158 450 103 432 394 116 335 332 381 33 14 0 426 469 16 278 412 445 37 
211 20 27 176 327 347 388 447 136 444 21 275 259 426 0 314 194 251 288 2 227 
103 27 93 479 67 301 361 174 468 30 112 431 297 469 314 0 145 116 97 201 318 
51 405 322 160 93 373 42 343 121 121 233 59 85 16 194 145 0 175 248 467 467 
355 274 311 473 23 412 32 451 212 2 110 113 182 278 251 116 175 0 4 392 227 
340 88 342 486 154 337 168 367 239 91 41 138 319 412 288 97 248 4 0 137 124 
266 185 481 9 394 65 113 407 387 376 175 371 240 445 2 201 467 392 137 0 148 
441 378 310 418 237 323 260 137 449 380 464 492 5 37 227 318 467 227 124 148 0 
EOF