NAME:generated48.tsp
TYPE:TSP
COMMENT:generatedFromCode
DIMENSION:48
EDGE_WEIGHT_TYPE:EXPLICIT
EDGE_WEIGHT_FORMAT:FULL_MATRIX
EDGE_WEIGHT_SECTION
0 262 165 176 377 251 34 6 216 318 219 453 392 100 111 65 393 90 9 215 260 334 359 93 434 12 133 95 453 144 417 271 23 438 187 390 319 53 153 319 244 60 341 331 419 75 330 274 
262 0 333 2 419 65 393 191 198 56 75 352 328 3 344 330 465 99 440 180 363 66 278 307 42 143 410 107 99 462 405 294 329 20 108 476 280 86 434 151 99 215 48 272 239 287 106 85 
165 333 0 70 37 188 56 485 165 208 408 278 67 69 350 9 26 269 423 345 128 135 420 57 404 264 374 276 54 59 424 174 412 198 221 452 421 415 350 161 214 343 12 477 274 6 129 170 
176 2 70 0 342 243 189 82 445 25 459 73 22 234 85 480 348 435 372 96 285 125 151 262 110 162 294 119 454 494 178 491 133 432 268 108 370 336 188 176 381 51 431 231 114 349 374 162 
377 419 37 342 0 398 5 164 18 455 433 153 461 25 200 69 242 496 18 264 140 339 219 39 393 480 402 348 339 97 411 125 322 229 83 399 11 27 487 64 376 341 252 37 209 342 461 337 
251 65 188 243 398 0 231 325 314 225 15 113 435 199 22 177 344 161 482 247 39 82 259 322 262 146 255 316 32 284 190 309 254 245 170 223 38 212 210 100 362 117 178 163 345 182 342 148 
34 393 56 189 5 231 0 103 219 23 43 223 484 74 257 254 205 54 404 213 253 136 56 421 287 12 395 486 20 119 390 186 25 191 256 104 141 287 447 437 446 344 488 481 269 419 40 237 
6 191 485 82 164 325 103 0 226 107 420 340 113 205 264 247 1 138 104 485 307 286 403 87 203 355 185 64 445 211 270 145 134 101 307 227 356 297 81 437 499 351 16 308 225 278 449 375 
216 198 165 445 18 314 219 226 0 61 154 123 216 296 426 486 212 168 474 461 42 444 287 490 339 371 456 52 104 308 334 396 121 339 423 403 281 130 123 266 154 6 238 479 250 194 72 128 
318 56 208 25 455 225 23 107 61 0 254 72 319 193 477 172 75 351 444 310 500 226 381 479 40 482 406 198 496 13 48 386 360 352 279 440 235 225 87 463 412 492 447 364 436 208 273 375 
219 75 408 459 433 15 43 420 154 254 0 255 4 427 273 364 197 289 132 244 171 147 288 485 107 92 431 461 375 258 31 28 204 424 438 254 383 73 126 335 395 495 19 127 278 69 346 185 
453 352 278 73 153 113 223 340 123 72 255 0 54 452 479 465 434 316 261 269 433 325 488 286 18 412 315 471 285 115 475 258 476 492 240 33 398 402 282 110 104 460 211 299 141 495 484 273 
392 328 67 22 461 435 484 113 216 319 4 54 0 455 161 261 231 30 355 460 314 265 67 160 418 323 447 378 204 124 106 416 49 116 182 62 209 91 202 154 46 129 128 59 158 256 243 336 
100 3 69 234 25 199 74 205 296 193 427 452 455 0 492 427 183 201 110 313 169 266 463 235 397 167 491 87 365 236 373 242 452 202 352 486 278 57 37 411 334 332 430 30 397 330 444 480 
111 344 350 85 200 22 257 264 426 477 273 479 161 492 0 273 314 162 230 170 397 431 193 143 310 372 228 296 343 496 259 487 494 283 178 145 102 354 438 214 343 283 384 308 187 179 32 15 
65 330 9 480 69 177 254 247 486 172 364 465 261 427 273 0 315 274 491 333 185 425 160 252 491 487 355 204 480 145 140 27 214 366 231 142 336 43 419 70 420 302 292 202 183 329 451 231 
393 465 26 348 242 344 205 1 212 75 197 434 231 183 314 315 0 204 369 445 234 95 244 357 488 111 96 150 472 189 53 148 472 86 388 80 81 371 461 86 129 71 422 138 86 427 189 398 
90 99 269 435 496 161 54 138 168 351 289 316 30 201 162 274 204 0 132 197 29 151 29 153 459 27 44 16 310 198 260 413 188 72 151 86 187 301 159 187 396 462 47 217 433 215 309 125 
9 440 423 372 18 482 404 104 474 444 132 261 355 110 230 491 369 132 0 401 21 163 226 416 238 383 256 148 439 39 39 363 498 77 124 253 223 319 66 253 416 79 327 407 327 409 64 241 
215 180 345 96 264 247 213 485 461 310 244 269 460 313 170 333 445 197 401 0 455 233 319 267 295 158 403 315 46 307 97 317 152 290 193 105 416 438 394 458 438 429 166 431 46 89 402 24 
260 363 128 285 140 39 253 307 42 500 171 433 314 169 397 185 234 29 21 455 0 218 494 234 411 197 65 379 132 417 419 92 398 18 89 466 282 215 271 240 241 496 171 163 245 309 359 207 
334 66 135 125 339 82 136 286 444 226 147 325 265 266 431 425 95 151 163 233 218 0 184 226 285 385 45 499 242 61 323 422 289 243 271 142 406 338 188 43 62 293 61 236 388 90 131 155 
359 278 420 151 219 259 56 403 287 381 288 488 67 463 193 160 244 29 226 319 494 184 0 220 399 295 219 384 223 98 162 40 353 239 485 22 135 245 17 201 213 38 483 6 131 63 112 405 
93 307 57 262 39 322 421 87 490 479 485 286 160 235 143 252 357 153 416 267 234 226 220 0 497 209 78 9 205 218 485 234 474 292 77 5 467 143 166 37 410 146 89 165 186 332 475 410 
434 42 404 110 393 262 287 203 339 40 107 18 418 397 310 491 488 459 238 295 411 285 399 497 0 427 447 476 267 252 285 126 74 169 445 361 124 159 300 217 244 289 156 46 120 372 108 227 
12 143 264 162 480 146 12 355 371 482 92 412 323 167 372 487 111 27 383 158 197 385 295 209 427 0 4 296 6 443 127 468 326 267 68 352 55 180 469 90 7 160 70 199 66 34 191 79 
133 410 374 294 402 255 395 185 456 406 431 315 447 491 228 355 96 44 256 403 65 45 219 78 447 4 0 363 223 326 342 43 83 88 388 205 241 250 84 330 470 97 412 85 434 405 288 154 
95 107 276 119 348 316 486 64 52 198 461 471 378 87 296 204 150 16 148 315 379 499 384 9 476 296 363 0 448 17 52 197 163 471 38 300 497 93 469 408 17 297 2 112 167 161 113 230 
453 99 54 454 339 32 20 445 104 496 375 285 204 365 343 480 472 310 439 46 132 242 223 205 267 6 223 448 0 475 358 408 368 118 422 166 358 228 163 367 4 119 46 261 211 258 404 42 
144 462 59 494 97 284 119 211 308 13 258 115 124 236 496 145 189 198 39 307 417 61 98 218 252 443 326 17 475 0 147 210 411 120 395 285 124 434 260 35 288 393 331 106 493 5 102 128 
417 405 424 178 411 190 390 270 334 48 31 475 106 373 259 140 53 260 39 97 419 323 162 485 285 127 342 52 358 147 0 110 94 13 4 161 53 137 325 84 291 60 406 34 327 110 191 116 
271 294 174 491 125 309 186 145 396 386 28 258 416 242 487 27 148 413 363 317 92 422 40 234 126 468 43 197 408 210 110 0 238 100 87 247 168 119 215 111 294 311 485 93 444 289 460 133 
23 329 412 133 322 254 25 134 121 360 204 476 49 452 494 214 472 188 498 152 398 289 353 474 74 326 83 163 368 411 94 238 0 8 1 27 300 410 52 492 355 393 305 47 379 413 126 147 
438 20 198 432 229 245 191 101 339 352 424 492 116 202 283 366 86 72 77 290 18 243 239 292 169 267 88 471 118 120 13 100 8 0 376 474 418 392 455 34 93 490 437 327 327 301 180 123 
187 108 221 268 83 170 256 307 423 279 438 240 182 352 178 231 388 151 124 193 89 271 485 77 445 68 388 38 422 395 4 87 1 376 0 116 133 124 204 432 236 255 102 254 30 244 338 162 
390 476 452 108 399 223 104 227 403 440 254 33 62 486 145 142 80 86 253 105 466 142 22 5 361 352 205 300 166 285 161 247 27 474 116 0 224 194 80 208 144 55 500 135 343 79 494 53 
319 280 421 370 11 38 141 356 281 235 383 398 209 278 102 336 81 187 223 416 282 406 135 467 124 55 241 497 358 124 53 168 300 418 133 224 0 168 495 452 387 453 317 44 313 228 374 426 
53 86 415 336 27 212 287 297 130 225 73 402 91 57 354 43 371 301 319 438 215 338 245 143 159 180 250 93 228 434 137 119 410 392 124 194 168 0 496 444 246 89 483 411 331 80 235 122 
153 434 350 188 487 210 447 81 123 87 126 282 202 37 438 419 461 159 66 394 271 188 17 166 300 469 84 469 163 260 325 215 52 455 204 80 495 496 0 84 280 298 470 410 401 153 421 31 
319 151 161 176 64 100 437 437 266 463 335 110 154 411 214 70 86 187 253 458 240 43 201 37 217 90 330 408 367 35 84 111 492 34 432 208 452 444 84 0 42 73 119 447 345 155 446 381 
244 99 214 381 376 362 446 499 154 412 395 104 46 334 343 420 129 396 416 438 241 62 213 410 244 7 470 17 4 288 291 294 355 93 236 144 387 246 280 42 0 38 342 276 408 98 274 334 
60 215 343 51 341 117 344 351 6 492 495 460 129 332 283 302 71 462 79 429 496 293 38 146 289 160 97 297 119 393 60 311 393 490 255 55 453 89 298 73 38 0 73 199 483 328 390 250 
341 48 12 431 252 178 488 16 238 447 19 211 128 430 384 292 422 47 327 166 171 61 483 89 156 70 412 2 46 331 406 485 305 437 102 500 317 483 470 119 342 73 0 444 100 195 226 344 
331 272 477 231 37 163 481 308 479 364 127 299 59 30 308 202 138 217 407 431 163 236 6 165 46 199 85 112 261 106 34 93 47 327 254 135 44 411 410 447 276 199 444 0 207 160 243 193 
419 239 274 114 209 345 269 225 250 436 278 141 158 397 187 183 86 433 327 46 245 388 131 186 120 66 434 167 211 493 327 444 379 327 30 343 313 331 401 345 408 483 100 207 0 318 464 73 
75 287 6 349 342 182 419 278 194 208 69 495 256 330 179 329 427 215 409 89 309 90 63 332 372 34 405 161 258 5 110 289 413 301 244 79 228 80 153 155 98 328 195 160 318 0 67 428 
330 106 129 374 461 342 40 449 72 273 346 484 243 444 32 451 189 309 64 402 359 131 112 475 108 191 288 113 404 102 191 460 126 180 338 494 374 235 421 446 274 390 226 243 464 67 0 416 
274 85 170 162 337 148 237 375 128 375 185 273 336 480 15 231 398 125 241 24 207 155 405 410 227 79 154 230 42 128 116 133 147 123 162 53 426 122 31 381 334 250 344 193 73 428 416 0 
EOF