NAME:generated18.tsp
TYPE:TSP
COMMENT:generatedFromCode
DIMENSION:18
EDGE_WEIGHT_TYPE:EXPLICIT
EDGE_WEIGHT_FORMAT:FULL_MATRIX
EDGE_WEIGHT_SECTION
0 193 128 208 159 296 439 338 308 148 240 338 174 9 448 217 26 269 
193 0 149 10 36 203 294 89 427 160 179 120 238 198 154 251 122 434 
128 149 0 493 450 96 157 321 184 68 55 219 246 42 361 336 141 4 
208 10 493 0 391 174 52 72 339 29 402 20 287 151 242 51 197 160 
159 36 450 391 0 411 289 390 368 118 458 438 226 370 442 370 177 68 
296 203 96 174 411 0 81 281 297 258 6 363 209 349 225 182 242 50 
439 294 157 52 289 81 0 109 427 270 405 130 73 258 300 119 480 417 
338 89 321 72 390 281 109 0 181 31 1 58 447 198 104 271 294 274 
308 427 184 339 368 297 427 181 0 135 55 322 431 213 93 72 438 360 
148 160 68 29 118 258 270 31 135 0 438 250 348 315 485 420 499 374 
240 179 55 402 458 6 405 1 55 438 0 425 451 441 304 387 479 381 
338 120 219 20 438 363 130 58 322 250 425 0 44 188 455 334 219 277 
174 238 246 287 226 209 73 447 431 348 451 44 0 288 221 189 302 375 
9 198 42 151 370 349 258 198 213 315 441 188 288 0 107 453 287 302 
448 154 361 242 442 225 300 104 93 485 304 455 221 107 0 431 102 357 
217 251 336 51 370 182 119 271 72 420 387 334 189 453 431 0 437 84 
26 122 141 197 177 242 480 294 438 499 479 219 302 287 102 437 0 171 
269 434 4 160 68 50 417 274 360 374 381 277 375 302 357 84 171 0 
EOF