NAME:generated11.tsp
TYPE:TSP
COMMENT:generatedFromCode
DIMENSION:11
EDGE_WEIGHT_TYPE:EXPLICIT
EDGE_WEIGHT_FORMAT:FULL_MATRIX
EDGE_WEIGHT_SECTION
0 69 244 73 113 154 48 454 209 193 195 
69 0 279 252 7 2 444 54 306 23 387 
244 279 0 461 369 321 141 271 176 487 310 
73 252 461 0 392 342 350 218 3 341 286 
113 7 369 392 0 457 191 58 362 298 202 
154 2 321 342 457 0 170 462 173 153 480 
48 444 141 350 191 170 0 472 343 34 248 
454 54 271 218 58 462 472 0 262 485 414 
209 306 176 3 362 173 343 262 0 331 371 
193 23 487 341 298 153 34 485 331 0 471 
195 387 310 286 202 480 248 414 371 471 0 
EOF