NAME:generated10.tsp
TYPE:TSP
COMMENT:generatedFromCode
DIMENSION:10
EDGE_WEIGHT_TYPE:EXPLICIT
EDGE_WEIGHT_FORMAT:FULL_MATRIX
EDGE_WEIGHT_SECTION
0 422 59 396 111 6 315 494 220 93 
422 0 78 424 195 11 17 310 129 367 
59 78 0 91 242 356 465 6 417 45 
396 424 91 0 42 316 146 18 461 95 
111 195 242 42 0 148 138 175 218 229 
6 11 356 316 148 0 121 74 277 132 
315 17 465 146 138 121 0 249 485 375 
494 310 6 18 175 74 249 0 94 89 
220 129 417 461 218 277 485 94 0 391 
93 367 45 95 229 132 375 89 391 0 
EOF