NAME:generated29.tsp
TYPE:TSP
COMMENT:generatedFromCode
DIMENSION:29
EDGE_WEIGHT_TYPE:EXPLICIT
EDGE_WEIGHT_FORMAT:FULL_MATRIX
EDGE_WEIGHT_SECTION
0 483 148 457 50 49 279 388 400 166 370 84 157 61 470 121 395 207 55 476 53 468 29 349 422 240 462 31 434 
483 0 332 268 49 138 293 96 295 101 149 423 477 153 107 32 249 228 243 403 423 331 170 248 36 178 431 139 335 
148 332 0 166 496 283 204 188 71 208 230 203 259 225 128 79 377 301 306 407 54 458 409 320 168 432 284 170 61 
457 268 166 0 411 288 428 406 43 407 251 296 67 172 312 371 32 274 399 333 227 1 278 353 478 233 409 115 319 
50 49 496 411 0 274 294 19 1 440 361 31 119 500 82 102 114 139 213 227 414 485 74 123 268 252 273 62 259 
49 138 283 288 274 0 442 340 106 365 249 485 385 447 6 361 388 27 459 318 221 72 193 111 331 35 172 324 394 
279 293 204 428 294 442 0 425 413 397 121 25 266 111 214 136 196 263 268 186 409 353 20 139 211 319 240 273 46 
388 96 188 406 19 340 425 0 461 62 203 297 108 80 35 210 360 468 56 439 255 497 223 51 235 350 370 417 429 
400 295 71 43 1 106 413 461 0 415 210 103 42 166 82 483 118 447 47 431 216 243 103 498 213 245 152 325 297 
166 101 208 407 440 365 397 62 415 0 139 225 494 274 364 324 407 170 322 366 15 343 493 479 318 48 24 160 361 
370 149 230 251 361 249 121 203 210 139 0 63 288 470 483 473 243 256 158 258 364 8 154 150 319 50 228 203 437 
84 423 203 296 31 485 25 297 103 225 63 0 70 198 175 237 27 345 92 361 388 106 139 289 417 369 78 452 205 
157 477 259 67 119 385 266 108 42 494 288 70 0 99 129 299 415 127 159 74 231 199 404 249 270 4 141 342 316 
61 153 225 172 500 447 111 80 166 274 470 198 99 0 424 284 228 345 478 154 281 370 119 246 211 362 211 439 231 
470 107 128 312 82 6 214 35 82 364 483 175 129 424 0 496 345 84 439 419 200 451 498 27 262 279 425 126 402 
121 32 79 371 102 361 136 210 483 324 473 237 299 284 496 0 42 72 159 149 263 182 45 204 159 389 139 109 415 
395 249 377 32 114 388 196 360 118 407 243 27 415 228 345 42 0 30 430 307 77 360 96 15 206 214 340 156 291 
207 228 301 274 139 27 263 468 447 170 256 345 127 345 84 72 30 0 321 418 9 267 98 481 182 281 337 42 233 
55 243 306 399 213 459 268 56 47 322 158 92 159 478 439 159 430 321 0 82 48 314 258 288 499 486 124 48 279 
476 403 407 333 227 318 186 439 431 366 258 361 74 154 419 149 307 418 82 0 182 293 473 215 336 339 135 433 411 
53 423 54 227 414 221 409 255 216 15 364 388 231 281 200 263 77 9 48 182 0 189 187 446 468 174 327 313 163 
468 331 458 1 485 72 353 497 243 343 8 106 199 370 451 182 360 267 314 293 189 0 356 49 181 453 440 283 29 
29 170 409 278 74 193 20 223 103 493 154 139 404 119 498 45 96 98 258 473 187 356 0 196 92 377 292 284 348 
349 248 320 353 123 111 139 51 498 479 150 289 249 246 27 204 15 481 288 215 446 49 196 0 162 14 409 289 300 
422 36 168 478 268 331 211 235 213 318 319 417 270 211 262 159 206 182 499 336 468 181 92 162 0 45 128 79 478 
240 178 432 233 252 35 319 350 245 48 50 369 4 362 279 389 214 281 486 339 174 453 377 14 45 0 427 59 10 
462 431 284 409 273 172 240 370 152 24 228 78 141 211 425 139 340 337 124 135 327 440 292 409 128 427 0 35 143 
31 139 170 115 62 324 273 417 325 160 203 452 342 439 126 109 156 42 48 433 313 283 284 289 79 59 35 0 283 
434 335 61 319 259 394 46 429 297 361 437 205 316 231 402 415 291 233 279 411 163 29 348 300 478 10 143 283 0 
EOF