NAME:generated39.tsp
TYPE:TSP
COMMENT:generatedFromCode
DIMENSION:39
EDGE_WEIGHT_TYPE:EXPLICIT
EDGE_WEIGHT_FORMAT:FULL_MATRIX
EDGE_WEIGHT_SECTION
0 494 1 199 89 49 226 69 12 214 218 460 276 114 63 363 386 172 98 171 83 224 329 124 323 63 9 295 78 137 301 167 150 377 402 28 405 355 469 
494 0 87 479 344 354 327 338 325 77 451 106 497 394 449 230 313 285 79 55 329 368 168 328 297 57 301 329 415 259 308 349 374 52 93 370 304 42 279 
1 87 0 22 8 206 293 153 27 330 338 84 124 349 162 156 109 21 386 283 388 108 57 486 110 299 119 68 355 315 186 42 326 12 252 444 238 340 173 
199 479 22 0 258 185 164 53 422 288 353 32 265 443 110 136 341 219 452 198 94 41 278 81 467 277 82 124 187 186 359 454 475 55 284 30 98 403 453 
89 344 8 258 0 352 276 330 345 6 199 112 380 343 116 293 270 306 496 29 320 14 242 12 125 245 440 473 243 25 316 428 95 426 221 230 122 385 201 
49 354 206 185 352 0 236 321 484 110 11 212 167 52 274 227 383 481 9 113 241 76 396 432 46 310 87 192 412 350 252 43 467 350 185 157 381 82 156 
226 327 293 164 276 236 0 262 254 93 276 245 40 82 291 433 18 173 193 481 324 481 158 207 338 444 202 262 32 57 352 82 490 82 404 148 35 23 202 
69 338 153 53 330 321 262 0 362 456 153 160 486 130 429 363 450 151 407 337 276 93 423 221 103 91 167 112 413 1 175 478 414 110 420 336 246 13 382 
12 325 27 422 345 484 254 362 0 109 230 385 433 422 45 304 74 206 320 378 355 278 450 349 459 473 486 159 443 348 402 243 426 44 425 333 45 168 470 
214 77 330 288 6 110 93 456 109 0 249 118 77 495 386 181 170 361 472 21 233 305 146 402 395 323 127 140 159 209 447 375 22 315 150 362 193 446 49 
218 451 338 353 199 11 276 153 230 249 0 204 204 174 148 137 234 195 495 359 21 437 276 333 15 112 256 268 380 280 201 267 254 37 283 207 59 341 82 
460 106 84 32 112 212 245 160 385 118 204 0 24 426 328 236 162 257 5 386 176 405 356 64 297 438 147 329 63 52 397 164 384 470 267 149 207 430 485 
276 497 124 265 380 167 40 486 433 77 204 24 0 347 128 426 269 170 475 10 69 292 215 254 479 107 190 36 484 333 467 161 158 246 286 41 31 374 19 
114 394 349 443 343 52 82 130 422 495 174 426 347 0 444 102 449 78 484 284 171 394 403 449 15 73 69 148 165 370 131 480 191 464 78 1 393 250 242 
63 449 162 110 116 274 291 429 45 386 148 328 128 444 0 6 381 371 68 140 82 153 162 163 115 256 175 80 442 8 83 66 489 427 424 297 461 44 136 
363 230 156 136 293 227 433 363 304 181 137 236 426 102 6 0 384 289 1 368 310 494 398 46 291 356 174 224 491 299 333 29 200 435 446 191 36 165 43 
386 313 109 341 270 383 18 450 74 170 234 162 269 449 381 384 0 333 405 200 175 357 392 170 24 62 275 290 134 408 67 198 374 480 481 264 378 450 372 
172 285 21 219 306 481 173 151 206 361 195 257 170 78 371 289 333 0 427 87 260 23 399 304 381 227 232 247 333 81 223 13 46 61 334 239 280 461 282 
98 79 386 452 496 9 193 407 320 472 495 5 475 484 68 1 405 427 0 414 161 303 226 478 33 340 433 387 156 252 252 316 347 10 229 313 324 215 423 
171 55 283 198 29 113 481 337 378 21 359 386 10 284 140 368 200 87 414 0 6 112 309 140 357 131 380 415 292 207 386 393 222 288 72 382 456 200 1 
83 329 388 94 320 241 324 276 355 233 21 176 69 171 82 310 175 260 161 6 0 195 434 177 45 147 24 363 172 423 446 456 275 102 155 205 103 265 413 
224 368 108 41 14 76 481 93 278 305 437 405 292 394 153 494 357 23 303 112 195 0 375 410 498 160 69 363 487 158 304 373 125 386 57 426 118 203 277 
329 168 57 278 242 396 158 423 450 146 276 356 215 403 162 398 392 399 226 309 434 375 0 420 336 426 459 317 443 234 445 399 56 360 460 110 187 416 274 
124 328 486 81 12 432 207 221 349 402 333 64 254 449 163 46 170 304 478 140 177 410 420 0 121 482 495 372 230 395 381 225 422 232 328 260 376 5 473 
323 297 110 467 125 46 338 103 459 395 15 297 479 15 115 291 24 381 33 357 45 498 336 121 0 417 493 466 343 27 84 26 466 120 259 87 198 306 6 
63 57 299 277 245 310 444 91 473 323 112 438 107 73 256 356 62 227 340 131 147 160 426 482 417 0 462 156 484 238 193 320 468 428 455 307 495 151 172 
9 301 119 82 440 87 202 167 486 127 256 147 190 69 175 174 275 232 433 380 24 69 459 495 493 462 0 179 242 16 433 13 180 293 271 270 308 251 107 
295 329 68 124 473 192 262 112 159 140 268 329 36 148 80 224 290 247 387 415 363 363 317 372 466 156 179 0 418 4 11 489 456 177 371 149 146 358 202 
78 415 355 187 243 412 32 413 443 159 380 63 484 165 442 491 134 333 156 292 172 487 443 230 343 484 242 418 0 305 335 215 266 5 146 183 405 191 242 
137 259 315 186 25 350 57 1 348 209 280 52 333 370 8 299 408 81 252 207 423 158 234 395 27 238 16 4 305 0 478 36 446 346 418 134 333 76 84 
301 308 186 359 316 252 352 175 402 447 201 397 467 131 83 333 67 223 252 386 446 304 445 381 84 193 433 11 335 478 0 121 164 461 14 28 71 491 360 
167 349 42 454 428 43 82 478 243 375 267 164 161 480 66 29 198 13 316 393 456 373 399 225 26 320 13 489 215 36 121 0 81 10 189 407 131 79 113 
150 374 326 475 95 467 490 414 426 22 254 384 158 191 489 200 374 46 347 222 275 125 56 422 466 468 180 456 266 446 164 81 0 323 346 122 359 320 314 
377 52 12 55 426 350 82 110 44 315 37 470 246 464 427 435 480 61 10 288 102 386 360 232 120 428 293 177 5 346 461 10 323 0 461 266 256 498 324 
402 93 252 284 221 185 404 420 425 150 283 267 286 78 424 446 481 334 229 72 155 57 460 328 259 455 271 371 146 418 14 189 346 461 0 325 340 246 125 
28 370 444 30 230 157 148 336 333 362 207 149 41 1 297 191 264 239 313 382 205 426 110 260 87 307 270 149 183 134 28 407 122 266 325 0 72 222 366 
405 304 238 98 122 381 35 246 45 193 59 207 31 393 461 36 378 280 324 456 103 118 187 376 198 495 308 146 405 333 71 131 359 256 340 72 0 371 419 
355 42 340 403 385 82 23 13 168 446 341 430 374 250 44 165 450 461 215 200 265 203 416 5 306 151 251 358 191 76 491 79 320 498 246 222 371 0 296 
469 279 173 453 201 156 202 382 470 49 82 485 19 242 136 43 372 282 423 1 413 277 274 473 6 172 107 202 242 84 360 113 314 324 125 366 419 296 0 
EOF