NAME:generated31.tsp
TYPE:TSP
COMMENT:generatedFromCode
DIMENSION:31
EDGE_WEIGHT_TYPE:EXPLICIT
EDGE_WEIGHT_FORMAT:FULL_MATRIX
EDGE_WEIGHT_SECTION
0 64 175 360 39 93 304 386 64 283 437 173 283 220 87 129 378 32 239 434 62 205 427 407 342 451 319 185 261 339 338 
64 0 281 180 248 446 309 48 206 50 307 267 382 271 110 97 339 317 251 338 500 178 351 235 425 175 242 49 302 330 151 
175 281 0 200 497 412 336 447 92 247 128 247 491 47 172 359 187 241 419 259 323 460 417 116 122 147 242 346 53 98 154 
360 180 200 0 171 363 97 376 419 46 30 20 180 163 495 421 177 21 2 475 345 401 355 196 333 14 295 445 186 200 474 
39 248 497 171 0 155 140 50 240 242 308 184 84 286 35 293 389 132 99 225 356 216 17 179 493 449 492 461 373 460 256 
93 446 412 363 155 0 491 204 153 51 229 400 294 500 187 210 104 121 248 311 191 303 126 285 478 215 203 411 357 87 393 
304 309 336 97 140 491 0 427 294 86 426 467 316 372 183 398 365 197 365 379 446 451 281 446 78 26 496 138 25 156 478 
386 48 447 376 50 204 427 0 347 364 297 252 492 343 421 367 312 249 171 52 293 257 164 25 421 107 405 425 352 288 193 
64 206 92 419 240 153 294 347 0 494 258 2 462 266 249 302 398 92 301 371 368 153 148 259 117 422 452 488 352 291 455 
283 50 247 46 242 51 86 364 494 0 124 293 69 381 441 246 188 172 116 297 500 480 185 162 89 204 462 8 24 173 243 
437 307 128 30 308 229 426 297 258 124 0 281 416 69 345 451 385 287 221 453 256 41 152 290 107 22 401 316 94 477 310 
173 267 247 20 184 400 467 252 2 293 281 0 12 283 354 206 345 425 315 495 70 107 354 300 340 411 5 157 144 165 285 
283 382 491 180 84 294 316 492 462 69 416 12 0 129 393 22 88 388 328 48 152 253 433 280 285 138 457 405 414 115 60 
220 271 47 163 286 500 372 343 266 381 69 283 129 0 163 111 79 113 20 335 293 176 5 347 443 484 177 318 128 277 289 
87 110 172 495 35 187 183 421 249 441 345 354 393 163 0 78 71 255 307 375 270 239 309 131 256 393 476 30 230 75 386 
129 97 359 421 293 210 398 367 302 246 451 206 22 111 78 0 298 444 305 451 406 479 446 227 202 230 202 453 287 174 72 
378 339 187 177 389 104 365 312 398 188 385 345 88 79 71 298 0 490 212 490 290 113 200 227 134 405 230 403 23 379 437 
32 317 241 21 132 121 197 249 92 172 287 425 388 113 255 444 490 0 304 449 106 70 240 185 169 454 154 293 264 432 471 
239 251 419 2 99 248 365 171 301 116 221 315 328 20 307 305 212 304 0 207 301 190 387 199 448 175 357 97 272 429 370 
434 338 259 475 225 311 379 52 371 297 453 495 48 335 375 451 490 449 207 0 43 489 52 208 156 79 399 397 34 460 333 
62 500 323 345 356 191 446 293 368 500 256 70 152 293 270 406 290 106 301 43 0 204 470 253 235 278 154 500 308 470 242 
205 178 460 401 216 303 451 257 153 480 41 107 253 176 239 479 113 70 190 489 204 0 342 164 194 137 183 98 200 409 138 
427 351 417 355 17 126 281 164 148 185 152 354 433 5 309 446 200 240 387 52 470 342 0 467 445 414 408 208 419 276 119 
407 235 116 196 179 285 446 25 259 162 290 300 280 347 131 227 227 185 199 208 253 164 467 0 352 37 172 83 445 423 16 
342 425 122 333 493 478 78 421 117 89 107 340 285 443 256 202 134 169 448 156 235 194 445 352 0 327 265 119 488 248 354 
451 175 147 14 449 215 26 107 422 204 22 411 138 484 393 230 405 454 175 79 278 137 414 37 327 0 151 228 471 338 492 
319 242 242 295 492 203 496 405 452 462 401 5 457 177 476 202 230 154 357 399 154 183 408 172 265 151 0 391 412 292 203 
185 49 346 445 461 411 138 425 488 8 316 157 405 318 30 453 403 293 97 397 500 98 208 83 119 228 391 0 438 107 15 
261 302 53 186 373 357 25 352 352 24 94 144 414 128 230 287 23 264 272 34 308 200 419 445 488 471 412 438 0 437 486 
339 330 98 200 460 87 156 288 291 173 477 165 115 277 75 174 379 432 429 460 470 409 276 423 248 338 292 107 437 0 438 
338 151 154 474 256 393 478 193 455 243 310 285 60 289 386 72 437 471 370 333 242 138 119 16 354 492 203 15 486 438 0 
EOF