NAME:generated16.tsp
TYPE:TSP
COMMENT:generatedFromCode
DIMENSION:16
EDGE_WEIGHT_TYPE:EXPLICIT
EDGE_WEIGHT_FORMAT:FULL_MATRIX
EDGE_WEIGHT_SECTION
0 140 179 62 222 59 111 339 126 253 452 280 10 28 104 24 
140 0 376 32 204 406 306 10 3 207 12 300 204 452 45 81 
179 376 0 231 64 115 377 273 75 197 288 74 208 244 448 61 
62 32 231 0 144 212 279 434 44 307 429 314 151 316 9 403 
222 204 64 144 0 59 110 432 425 206 431 491 142 464 143 493 
59 406 115 212 59 0 117 99 76 228 489 401 184 318 380 225 
111 306 377 279 110 117 0 208 191 24 461 186 13 194 407 442 
339 10 273 434 432 99 208 0 376 462 171 5 15 46 208 496 
126 3 75 44 425 76 191 376 0 275 354 433 475 214 147 141 
253 207 197 307 206 228 24 462 275 0 491 283 66 314 324 184 
452 12 288 429 431 489 461 171 354 491 0 144 55 59 472 140 
280 300 74 314 491 401 186 5 433 283 144 0 104 417 118 224 
10 204 208 151 142 184 13 15 475 66 55 104 0 386 472 349 
28 452 244 316 464 318 194 46 214 314 59 417 386 0 27 299 
104 45 448 9 143 380 407 208 147 324 472 118 472 27 0 390 
24 81 61 403 493 225 442 496 141 184 140 224 349 299 390 0 
EOF