NAME:generated35.tsp
TYPE:TSP
COMMENT:generatedFromCode
DIMENSION:35
EDGE_WEIGHT_TYPE:EXPLICIT
EDGE_WEIGHT_FORMAT:FULL_MATRIX
EDGE_WEIGHT_SECTION
0 91 30 68 142 419 15 236 188 265 155 269 326 404 151 355 83 3 163 14 235 347 200 83 472 351 463 25 136 394 294 441 188 464 283 
91 0 45 204 489 219 164 249 346 249 71 412 17 347 442 338 264 283 218 243 229 242 94 250 341 114 179 469 33 58 161 305 163 18 50 
30 45 0 289 185 62 41 411 139 403 211 335 476 228 81 239 455 171 151 466 106 416 58 249 162 221 392 235 332 155 4 216 328 43 120 
68 204 289 0 104 236 53 375 449 276 145 262 338 95 39 71 78 428 33 271 181 74 358 296 468 44 401 275 398 93 305 466 53 219 40 
142 489 185 104 0 138 495 106 455 31 87 240 412 36 71 427 243 140 363 351 21 120 494 500 227 287 355 29 177 449 23 154 22 8 469 
419 219 62 236 138 0 448 94 264 101 299 289 371 265 405 48 459 477 296 365 444 283 11 160 246 346 453 171 476 74 283 214 344 200 57 
15 164 41 53 495 448 0 72 481 222 246 204 7 430 483 367 386 407 29 72 5 368 494 185 68 44 353 150 312 46 5 168 198 42 356 
236 249 411 375 106 94 72 0 83 438 159 344 479 201 130 466 236 149 54 133 256 25 350 421 109 189 120 84 238 23 500 138 62 257 464 
188 346 139 449 455 264 481 83 0 268 143 485 317 384 230 55 458 63 96 145 419 312 234 21 145 195 352 402 180 312 422 340 209 331 389 
265 249 403 276 31 101 222 438 268 0 17 253 279 377 300 38 18 391 65 212 429 40 25 223 232 494 252 303 144 115 260 439 347 4 92 
155 71 211 145 87 299 246 159 143 17 0 166 288 488 60 407 271 453 187 357 47 482 2 339 70 118 291 255 97 7 262 176 138 306 318 
269 412 335 262 240 289 204 344 485 253 166 0 172 406 471 88 272 274 352 295 329 51 351 72 123 176 343 60 346 329 406 205 466 478 164 
326 17 476 338 412 371 7 479 317 279 288 172 0 282 155 422 299 221 107 304 384 140 404 161 265 232 81 396 363 176 99 426 34 65 95 
404 347 228 95 36 265 430 201 384 377 488 406 282 0 286 190 164 438 132 316 97 389 296 322 246 102 18 223 171 439 223 175 441 358 94 
151 442 81 39 71 405 483 130 230 300 60 471 155 286 0 137 36 96 368 458 94 162 89 397 117 360 148 419 383 332 49 57 104 443 281 
355 338 239 71 427 48 367 466 55 38 407 88 422 190 137 0 176 124 6 390 228 191 392 159 116 301 37 278 369 353 454 83 116 69 380 
83 264 455 78 243 459 386 236 458 18 271 272 299 164 36 176 0 336 209 79 91 476 246 66 408 364 77 272 224 229 333 51 222 393 170 
3 283 171 428 140 477 407 149 63 391 453 274 221 438 96 124 336 0 369 18 344 130 337 235 366 111 78 52 474 74 14 371 351 182 79 
163 218 151 33 363 296 29 54 96 65 187 352 107 132 368 6 209 369 0 486 288 106 489 30 141 267 152 464 171 426 287 321 5 312 178 
14 243 466 271 351 365 72 133 145 212 357 295 304 316 458 390 79 18 486 0 237 13 238 483 387 405 191 223 420 403 360 108 162 401 363 
235 229 106 181 21 444 5 256 419 429 47 329 384 97 94 228 91 344 288 237 0 326 151 269 32 122 278 368 392 377 495 341 378 57 325 
347 242 416 74 120 283 368 25 312 40 482 51 140 389 162 191 476 130 106 13 326 0 320 58 96 265 408 180 446 449 290 346 41 156 6 
200 94 58 358 494 11 494 350 234 25 2 351 404 296 89 392 246 337 489 238 151 320 0 25 119 264 411 245 107 216 447 7 99 180 384 
83 250 249 296 500 160 185 421 21 223 339 72 161 322 397 159 66 235 30 483 269 58 25 0 355 121 445 241 102 280 469 55 185 382 186 
472 341 162 468 227 246 68 109 145 232 70 123 265 246 117 116 408 366 141 387 32 96 119 355 0 235 219 87 289 72 183 363 455 425 378 
351 114 221 44 287 346 44 189 195 494 118 176 232 102 360 301 364 111 267 405 122 265 264 121 235 0 315 407 389 192 450 183 245 344 211 
463 179 392 401 355 453 353 120 352 252 291 343 81 18 148 37 77 78 152 191 278 408 411 445 219 315 0 248 150 5 143 42 380 301 500 
25 469 235 275 29 171 150 84 402 303 255 60 396 223 419 278 272 52 464 223 368 180 245 241 87 407 248 0 473 278 413 405 416 439 179 
136 33 332 398 177 476 312 238 180 144 97 346 363 171 383 369 224 474 171 420 392 446 107 102 289 389 150 473 0 396 259 120 452 333 76 
394 58 155 93 449 74 46 23 312 115 7 329 176 439 332 353 229 74 426 403 377 449 216 280 72 192 5 278 396 0 498 250 89 266 231 
294 161 4 305 23 283 5 500 422 260 262 406 99 223 49 454 333 14 287 360 495 290 447 469 183 450 143 413 259 498 0 475 500 114 128 
441 305 216 466 154 214 168 138 340 439 176 205 426 175 57 83 51 371 321 108 341 346 7 55 363 183 42 405 120 250 475 0 342 482 406 
188 163 328 53 22 344 198 62 209 347 138 466 34 441 104 116 222 351 5 162 378 41 99 185 455 245 380 416 452 89 500 342 0 478 25 
464 18 43 219 8 200 42 257 331 4 306 478 65 358 443 69 393 182 312 401 57 156 180 382 425 344 301 439 333 266 114 482 478 0 204 
283 50 120 40 469 57 356 464 389 92 318 164 95 94 281 380 170 79 178 363 325 6 384 186 378 211 500 179 76 231 128 406 25 204 0 
EOF