NAME:generated49.tsp
TYPE:TSP
COMMENT:generatedFromCode
DIMENSION:49
EDGE_WEIGHT_TYPE:EXPLICIT
EDGE_WEIGHT_FORMAT:FULL_MATRIX
EDGE_WEIGHT_SECTION
0 166 111 460 291 233 405 370 373 432 466 71 81 324 2 69 359 500 133 123 221 264 32 456 222 43 167 329 413 11 348 246 419 255 390 82 279 160 436 126 149 16 356 118 425 457 219 141 333 
166 0 162 461 134 434 75 84 80 366 33 302 427 154 380 36 475 399 436 214 236 122 149 375 415 8 459 383 188 37 188 392 344 373 16 477 146 380 368 158 228 366 394 447 223 43 72 183 311 
111 162 0 496 249 225 96 175 127 132 169 419 47 108 293 466 407 439 4 197 94 349 346 457 21 180 79 422 288 107 470 17 275 380 439 46 414 116 363 302 318 154 310 9 54 407 424 231 368 
460 461 496 0 321 198 223 109 365 331 301 444 315 63 88 97 332 328 19 277 457 103 278 135 2 260 483 350 88 279 370 198 80 410 236 161 1 301 27 219 165 337 394 375 462 172 458 379 367 
291 134 249 321 0 96 74 466 476 70 383 65 317 305 475 380 87 315 487 149 11 22 126 436 377 439 148 337 276 239 34 460 295 351 444 412 39 250 249 294 470 97 445 338 147 230 41 430 39 
233 434 225 198 96 0 175 39 289 472 173 392 447 383 68 250 288 79 90 25 334 184 408 492 222 262 103 192 45 242 499 13 271 201 140 98 357 335 146 170 256 86 147 70 313 460 329 229 414 
405 75 96 223 74 175 0 342 313 53 305 6 370 408 483 138 447 327 139 102 81 294 165 3 279 264 81 373 230 380 329 330 403 8 450 480 458 374 241 149 9 12 440 409 22 191 154 320 409 
370 84 175 109 466 39 342 0 159 257 288 206 192 34 269 66 45 391 247 295 170 308 104 41 63 338 123 446 436 203 276 114 445 445 241 475 270 71 116 294 467 481 117 495 40 76 31 62 221 
373 80 127 365 476 289 313 159 0 369 326 430 164 405 356 302 207 361 269 274 327 62 279 43 137 355 121 330 36 358 454 46 343 425 69 324 329 470 440 198 78 237 482 247 216 84 458 66 186 
432 366 132 331 70 472 53 257 369 0 199 69 249 119 417 173 48 183 270 407 210 273 51 77 248 460 103 432 396 479 344 37 83 58 9 323 113 76 257 365 424 62 364 108 400 117 423 23 326 
466 33 169 301 383 173 305 288 326 199 0 259 390 189 264 194 438 154 160 497 293 426 367 375 309 214 464 73 71 157 493 187 284 386 269 438 200 314 82 16 382 49 445 85 248 296 200 473 451 
71 302 419 444 65 392 6 206 430 69 259 0 206 415 250 406 42 222 60 427 215 498 113 102 63 34 421 241 253 204 462 419 11 140 173 345 287 112 194 206 60 177 180 310 102 321 24 185 278 
81 427 47 315 317 447 370 192 164 249 390 206 0 201 238 437 208 213 252 381 162 481 79 420 282 242 399 297 295 174 175 312 464 212 393 497 316 220 347 379 105 289 434 208 364 300 77 367 176 
324 154 108 63 305 383 408 34 405 119 189 415 201 0 80 69 58 470 298 120 329 373 499 484 443 301 111 270 499 126 500 70 382 102 36 397 311 326 176 176 346 500 73 174 353 225 175 225 76 
2 380 293 88 475 68 483 269 356 417 264 250 238 80 0 79 8 469 157 349 266 302 295 330 368 366 302 203 409 426 255 260 394 450 132 496 441 454 375 160 67 248 87 77 484 459 247 281 123 
69 36 466 97 380 250 138 66 302 173 194 406 437 69 79 0 208 110 388 475 247 395 491 384 68 138 212 243 168 309 299 121 322 392 236 257 321 367 51 116 288 174 113 164 19 179 371 485 351 
359 475 407 332 87 288 447 45 207 48 438 42 208 58 8 208 0 310 248 467 261 381 89 124 407 65 93 213 388 373 267 266 258 317 482 131 104 226 80 313 368 432 28 482 233 348 382 151 106 
500 399 439 328 315 79 327 391 361 183 154 222 213 470 469 110 310 0 359 114 222 327 191 207 75 344 164 333 440 151 70 215 169 393 121 94 481 480 456 232 309 334 398 176 144 474 62 350 208 
133 436 4 19 487 90 139 247 269 270 160 60 252 298 157 388 248 359 0 107 43 217 359 10 127 124 286 265 195 114 183 368 123 397 461 327 462 248 164 132 393 155 244 386 57 223 462 193 462 
123 214 197 277 149 25 102 295 274 407 497 427 381 120 349 475 467 114 107 0 279 65 384 396 483 407 381 327 159 257 256 367 162 343 263 322 103 494 357 218 311 414 56 474 269 284 455 375 262 
221 236 94 457 11 334 81 170 327 210 293 215 162 329 266 247 261 222 43 279 0 193 351 286 445 125 197 136 382 302 128 490 369 83 61 406 130 495 105 322 58 486 133 444 165 67 60 429 497 
264 122 349 103 22 184 294 308 62 273 426 498 481 373 302 395 381 327 217 65 193 0 151 364 38 469 197 254 303 360 274 196 462 43 119 448 416 242 312 350 150 486 88 437 111 294 66 346 483 
32 149 346 278 126 408 165 104 279 51 367 113 79 499 295 491 89 191 359 384 351 151 0 416 170 265 127 1 57 136 140 408 277 256 454 235 496 499 22 482 342 116 5 110 89 493 25 122 209 
456 375 457 135 436 492 3 41 43 77 375 102 420 484 330 384 124 207 10 396 286 364 416 0 151 241 43 233 1 289 185 412 102 233 175 7 484 31 495 110 253 437 359 496 113 411 263 60 452 
222 415 21 2 377 222 279 63 137 248 309 63 282 443 368 68 407 75 127 483 445 38 170 151 0 221 432 278 18 301 477 391 183 132 272 201 376 101 51 84 279 277 384 492 18 273 497 243 183 
43 8 180 260 439 262 264 338 355 460 214 34 242 301 366 138 65 344 124 407 125 469 265 241 221 0 89 416 2 243 211 142 73 320 128 14 34 415 265 184 2 246 232 491 478 138 107 412 423 
167 459 79 483 148 103 81 123 121 103 464 421 399 111 302 212 93 164 286 381 197 197 127 43 432 89 0 85 357 32 333 310 112 339 437 336 311 166 69 288 217 422 284 397 122 358 306 302 189 
329 383 422 350 337 192 373 446 330 432 73 241 297 270 203 243 213 333 265 327 136 254 1 233 278 416 85 0 191 121 131 161 138 97 116 443 14 37 351 400 490 338 90 43 297 287 276 102 300 
413 188 288 88 276 45 230 436 36 396 71 253 295 499 409 168 388 440 195 159 382 303 57 1 18 2 357 191 0 206 40 406 101 274 206 431 169 262 294 488 334 432 211 31 194 346 101 193 30 
11 37 107 279 239 242 380 203 358 479 157 204 174 126 426 309 373 151 114 257 302 360 136 289 301 243 32 121 206 0 209 221 201 136 338 288 474 231 334 341 293 284 249 23 4 221 494 244 383 
348 188 470 370 34 499 329 276 454 344 493 462 175 500 255 299 267 70 183 256 128 274 140 185 477 211 333 131 40 209 0 227 165 364 100 33 29 96 126 107 340 313 426 216 96 116 86 44 458 
246 392 17 198 460 13 330 114 46 37 187 419 312 70 260 121 266 215 368 367 490 196 408 412 391 142 310 161 406 221 227 0 491 65 425 258 489 14 316 20 386 384 250 73 389 102 244 499 215 
419 344 275 80 295 271 403 445 343 83 284 11 464 382 394 322 258 169 123 162 369 462 277 102 183 73 112 138 101 201 165 491 0 140 132 178 16 258 328 379 132 156 412 261 34 282 99 345 484 
255 373 380 410 351 201 8 445 425 58 386 140 212 102 450 392 317 393 397 343 83 43 256 233 132 320 339 97 274 136 364 65 140 0 156 246 110 183 296 101 138 240 474 474 11 263 349 435 41 
390 16 439 236 444 140 450 241 69 9 269 173 393 36 132 236 482 121 461 263 61 119 454 175 272 128 437 116 206 338 100 425 132 156 0 211 208 58 483 207 108 47 361 367 116 150 409 58 313 
82 477 46 161 412 98 480 475 324 323 438 345 497 397 496 257 131 94 327 322 406 448 235 7 201 14 336 443 431 288 33 258 178 246 211 0 385 368 210 339 184 350 468 467 43 473 125 79 64 
279 146 414 1 39 357 458 270 329 113 200 287 316 311 441 321 104 481 462 103 130 416 496 484 376 34 311 14 169 474 29 489 16 110 208 385 0 215 334 446 21 323 412 317 360 29 484 150 186 
160 380 116 301 250 335 374 71 470 76 314 112 220 326 454 367 226 480 248 494 495 242 499 31 101 415 166 37 262 231 96 14 258 183 58 368 215 0 436 21 254 277 151 273 35 222 259 77 350 
436 368 363 27 249 146 241 116 440 257 82 194 347 176 375 51 80 456 164 357 105 312 22 495 51 265 69 351 294 334 126 316 328 296 483 210 334 436 0 77 116 431 419 353 458 242 253 347 269 
126 158 302 219 294 170 149 294 198 365 16 206 379 176 160 116 313 232 132 218 322 350 482 110 84 184 288 400 488 341 107 20 379 101 207 339 446 21 77 0 381 51 458 436 39 265 438 467 475 
149 228 318 165 470 256 9 467 78 424 382 60 105 346 67 288 368 309 393 311 58 150 342 253 279 2 217 490 334 293 340 386 132 138 108 184 21 254 116 381 0 498 406 280 294 235 494 8 349 
16 366 154 337 97 86 12 481 237 62 49 177 289 500 248 174 432 334 155 414 486 486 116 437 277 246 422 338 432 284 313 384 156 240 47 350 323 277 431 51 498 0 172 433 201 385 213 422 413 
356 394 310 394 445 147 440 117 482 364 445 180 434 73 87 113 28 398 244 56 133 88 5 359 384 232 284 90 211 249 426 250 412 474 361 468 412 151 419 458 406 172 0 204 448 445 280 254 1 
118 447 9 375 338 70 409 495 247 108 85 310 208 174 77 164 482 176 386 474 444 437 110 496 492 491 397 43 31 23 216 73 261 474 367 467 317 273 353 436 280 433 204 0 200 363 424 418 438 
425 223 54 462 147 313 22 40 216 400 248 102 364 353 484 19 233 144 57 269 165 111 89 113 18 478 122 297 194 4 96 389 34 11 116 43 360 35 458 39 294 201 448 200 0 461 239 229 80 
457 43 407 172 230 460 191 76 84 117 296 321 300 225 459 179 348 474 223 284 67 294 493 411 273 138 358 287 346 221 116 102 282 263 150 473 29 222 242 265 235 385 445 363 461 0 430 352 58 
219 72 424 458 41 329 154 31 458 423 200 24 77 175 247 371 382 62 462 455 60 66 25 263 497 107 306 276 101 494 86 244 99 349 409 125 484 259 253 438 494 213 280 424 239 430 0 407 58 
141 183 231 379 430 229 320 62 66 23 473 185 367 225 281 485 151 350 193 375 429 346 122 60 243 412 302 102 193 244 44 499 345 435 58 79 150 77 347 467 8 422 254 418 229 352 407 0 11 
333 311 368 367 39 414 409 221 186 326 451 278 176 76 123 351 106 208 462 262 497 483 209 452 183 423 189 300 30 383 458 215 484 41 313 64 186 350 269 475 349 413 1 438 80 58 58 11 0 
EOF