NAME:generated8.tsp
TYPE:TSP
COMMENT:generatedFromCode
DIMENSION:8
EDGE_WEIGHT_TYPE:EXPLICIT
EDGE_WEIGHT_FORMAT:FULL_MATRIX
EDGE_WEIGHT_SECTION
0 316 269 429 143 393 293 255 
316 0 443 286 346 272 210 167 
269 443 0 236 132 443 206 135 
429 286 236 0 257 332 197 117 
143 346 132 257 0 203 155 71 
393 272 443 332 203 0 428 13 
293 210 206 197 155 428 0 282 
255 167 135 117 71 13 282 0 
EOF