NAME:generated50.tsp
TYPE:TSP
COMMENT:generatedFromCode
DIMENSION:50
EDGE_WEIGHT_TYPE:EXPLICIT
EDGE_WEIGHT_FORMAT:FULL_MATRIX
EDGE_WEIGHT_SECTION
0 401 193 371 229 476 115 170 131 365 298 160 499 146 465 347 217 312 155 90 367 369 157 270 89 173 194 118 331 108 52 261 227 350 278 309 206 371 64 436 6 224 175 143 305 401 66 433 384 353 
401 0 364 493 354 322 47 257 395 474 39 174 441 487 283 370 390 89 381 262 114 41 80 252 94 391 371 362 189 5 136 28 434 7 98 178 146 299 275 77 55 490 264 383 22 366 470 389 181 145 
193 364 0 413 113 299 38 467 437 444 451 327 386 32 315 335 148 243 144 215 233 243 115 282 172 233 262 369 204 224 19 490 381 403 460 443 315 489 479 497 328 31 470 103 263 452 249 290 334 80 
371 493 413 0 311 225 351 259 454 440 243 447 83 206 166 477 317 223 131 324 457 159 67 383 114 481 488 223 162 379 108 223 328 367 185 444 308 225 132 320 332 429 49 219 192 15 45 20 428 285 
229 354 113 311 0 250 104 8 101 138 297 224 396 71 121 25 455 250 89 441 164 291 459 346 466 315 129 365 128 71 193 8 156 452 442 388 296 303 136 237 429 471 323 226 294 453 448 473 482 388 
476 322 299 225 250 0 408 234 54 493 213 391 286 280 435 465 423 116 207 437 340 175 70 65 111 218 203 412 423 419 134 62 427 303 428 401 1 363 282 29 144 465 223 86 140 353 296 144 200 213 
115 47 38 351 104 408 0 299 134 436 107 312 391 323 374 54 53 482 242 140 82 283 313 142 385 404 422 427 172 244 367 432 59 371 459 319 282 84 449 432 399 360 352 424 398 492 443 292 128 395 
170 257 467 259 8 234 299 0 303 408 393 353 198 400 253 203 222 333 113 468 383 213 387 176 437 417 287 167 437 195 16 184 117 403 486 486 158 289 89 266 410 471 6 366 199 177 13 262 327 38 
131 395 437 454 101 54 134 303 0 399 133 220 329 360 371 297 52 240 312 45 443 485 135 287 324 84 336 203 309 336 87 245 483 499 54 79 102 157 368 136 157 142 292 110 312 219 391 387 31 211 
365 474 444 440 138 493 436 408 399 0 121 164 156 290 491 117 75 218 152 89 45 450 5 393 335 11 385 127 273 357 91 29 351 54 266 346 14 188 294 36 402 409 428 478 10 327 182 4 89 54 
298 39 451 243 297 213 107 393 133 121 0 204 353 348 29 254 85 268 50 331 387 213 37 457 224 91 179 350 172 324 440 218 408 62 375 306 161 342 476 493 56 377 282 37 287 34 318 148 222 333 
160 174 327 447 224 391 312 353 220 164 204 0 188 63 462 339 33 275 378 125 161 338 159 485 361 228 74 450 211 99 211 451 101 328 216 459 464 467 437 348 82 196 315 126 329 63 176 297 433 44 
499 441 386 83 396 286 391 198 329 156 353 188 0 26 49 208 32 404 437 289 472 283 50 159 351 348 30 14 246 105 436 222 10 414 193 263 222 314 251 477 473 182 129 42 82 338 468 128 198 222 
146 487 32 206 71 280 323 400 360 290 348 63 26 0 317 42 450 422 159 254 377 353 233 440 89 214 487 282 185 80 401 291 401 44 465 237 14 388 303 306 323 430 333 61 109 26 188 122 317 252 
465 283 315 166 121 435 374 253 371 491 29 462 49 317 0 152 95 231 493 378 389 155 211 300 467 17 324 1 5 335 468 227 7 338 457 249 230 128 255 373 211 4 447 274 12 83 440 413 188 199 
347 370 335 477 25 465 54 203 297 117 254 339 208 42 152 0 365 477 19 293 406 412 396 266 57 448 496 206 226 114 56 100 78 293 463 137 209 126 419 433 178 264 144 338 99 174 64 74 17 432 
217 390 148 317 455 423 53 222 52 75 85 33 32 450 95 365 0 272 275 13 366 291 428 216 126 342 319 332 244 484 461 499 455 135 182 59 215 319 106 399 468 433 99 409 176 355 116 324 113 202 
312 89 243 223 250 116 482 333 240 218 268 275 404 422 231 477 272 0 457 120 54 7 3 260 80 262 330 471 283 456 86 455 449 328 179 250 497 381 8 81 433 245 466 29 6 293 88 187 84 183 
155 381 144 131 89 207 242 113 312 152 50 378 437 159 493 19 275 457 0 46 260 144 160 459 406 316 228 51 206 207 2 337 438 385 337 395 365 218 439 163 220 128 123 390 456 297 174 28 225 31 
90 262 215 324 441 437 140 468 45 89 331 125 289 254 378 293 13 120 46 0 201 139 33 385 2 35 429 5 428 109 3 302 220 350 37 335 442 255 361 128 163 259 338 419 131 249 361 224 162 438 
367 114 233 457 164 340 82 383 443 45 387 161 472 377 389 406 366 54 260 201 0 155 376 27 220 286 300 81 208 362 240 230 58 6 134 305 267 292 29 102 35 369 26 247 256 476 365 477 465 325 
369 41 243 159 291 175 283 213 485 450 213 338 283 353 155 412 291 7 144 139 155 0 7 217 23 144 430 345 357 203 494 350 190 493 47 22 264 196 347 16 194 302 397 263 95 162 53 61 385 437 
157 80 115 67 459 70 313 387 135 5 37 159 50 233 211 396 428 3 160 33 376 7 0 223 158 119 299 214 435 63 457 202 323 6 378 346 19 161 401 377 336 252 497 127 215 477 424 26 316 219 
270 252 282 383 346 65 142 176 287 393 457 485 159 440 300 266 216 260 459 385 27 217 223 0 152 363 500 347 79 407 312 411 412 422 441 269 310 395 345 207 41 84 437 341 423 146 189 398 240 244 
89 94 172 114 466 111 385 437 324 335 224 361 351 89 467 57 126 80 406 2 220 23 158 152 0 361 230 37 201 101 274 426 224 328 310 250 31 64 161 163 18 493 359 14 105 243 423 100 444 248 
173 391 233 481 315 218 404 417 84 11 91 228 348 214 17 448 342 262 316 35 286 144 119 363 361 0 149 222 163 311 161 362 473 210 38 82 364 442 482 444 374 104 214 91 135 22 4 229 238 148 
194 371 262 488 129 203 422 287 336 385 179 74 30 487 324 496 319 330 228 429 300 430 299 500 230 149 0 319 66 160 65 167 372 243 233 46 147 163 419 195 10 439 422 256 451 426 379 217 307 171 
118 362 369 223 365 412 427 167 203 127 350 450 14 282 1 206 332 471 51 5 81 345 214 347 37 222 319 0 258 3 498 417 207 269 390 327 331 70 325 245 307 143 240 108 466 424 409 79 410 198 
331 189 204 162 128 423 172 437 309 273 172 211 246 185 5 226 244 283 206 428 208 357 435 79 201 163 66 258 0 401 309 417 442 131 184 365 440 59 282 49 88 158 7 157 368 137 340 296 340 372 
108 5 224 379 71 419 244 195 336 357 324 99 105 80 335 114 484 456 207 109 362 203 63 407 101 311 160 3 401 0 311 181 103 105 443 357 447 173 269 126 27 463 27 483 154 98 136 138 498 348 
52 136 19 108 193 134 367 16 87 91 440 211 436 401 468 56 461 86 2 3 240 494 457 312 274 161 65 498 309 311 0 116 70 118 284 265 58 297 299 145 97 289 78 167 152 223 399 233 448 51 
261 28 490 223 8 62 432 184 245 29 218 451 222 291 227 100 499 455 337 302 230 350 202 411 426 362 167 417 417 181 116 0 163 291 165 122 263 117 8 225 85 473 83 129 229 195 11 13 343 173 
227 434 381 328 156 427 59 117 483 351 408 101 10 401 7 78 455 449 438 220 58 190 323 412 224 473 372 207 442 103 70 163 0 380 476 147 191 421 384 72 315 326 494 301 5 313 103 126 325 301 
350 7 403 367 452 303 371 403 499 54 62 328 414 44 338 293 135 328 385 350 6 493 6 422 328 210 243 269 131 105 118 291 380 0 78 473 416 212 455 152 279 337 115 166 89 361 161 96 145 473 
278 98 460 185 442 428 459 486 54 266 375 216 193 465 457 463 182 179 337 37 134 47 378 441 310 38 233 390 184 443 284 165 476 78 0 409 94 433 19 27 42 493 64 65 60 367 123 12 66 49 
309 178 443 444 388 401 319 486 79 346 306 459 263 237 249 137 59 250 395 335 305 22 346 269 250 82 46 327 365 357 265 122 147 473 409 0 296 345 478 303 111 380 78 103 482 165 264 142 476 454 
206 146 315 308 296 1 282 158 102 14 161 464 222 14 230 209 215 497 365 442 267 264 19 310 31 364 147 331 440 447 58 263 191 416 94 296 0 58 325 240 487 423 139 477 388 395 293 175 436 403 
371 299 489 225 303 363 84 289 157 188 342 467 314 388 128 126 319 381 218 255 292 196 161 395 64 442 163 70 59 173 297 117 421 212 433 345 58 0 167 186 423 280 269 89 221 266 202 126 39 436 
64 275 479 132 136 282 449 89 368 294 476 437 251 303 255 419 106 8 439 361 29 347 401 345 161 482 419 325 282 269 299 8 384 455 19 478 325 167 0 152 284 339 35 9 312 19 38 479 193 419 
436 77 497 320 237 29 432 266 136 36 493 348 477 306 373 433 399 81 163 128 102 16 377 207 163 444 195 245 49 126 145 225 72 152 27 303 240 186 152 0 327 426 478 376 367 37 449 495 359 138 
6 55 328 332 429 144 399 410 157 402 56 82 473 323 211 178 468 433 220 163 35 194 336 41 18 374 10 307 88 27 97 85 315 279 42 111 487 423 284 327 0 70 178 320 252 372 395 464 118 203 
224 490 31 429 471 465 360 471 142 409 377 196 182 430 4 264 433 245 128 259 369 302 252 84 493 104 439 143 158 463 289 473 326 337 493 380 423 280 339 426 70 0 478 89 98 25 317 130 194 122 
175 264 470 49 323 223 352 6 292 428 282 315 129 333 447 144 99 466 123 338 26 397 497 437 359 214 422 240 7 27 78 83 494 115 64 78 139 269 35 478 178 478 0 454 368 341 399 105 442 185 
143 383 103 219 226 86 424 366 110 478 37 126 42 61 274 338 409 29 390 419 247 263 127 341 14 91 256 108 157 483 167 129 301 166 65 103 477 89 9 376 320 89 454 0 38 135 416 443 92 178 
305 22 263 192 294 140 398 199 312 10 287 329 82 109 12 99 176 6 456 131 256 95 215 423 105 135 451 466 368 154 152 229 5 89 60 482 388 221 312 367 252 98 368 38 0 436 251 210 161 262 
401 366 452 15 453 353 492 177 219 327 34 63 338 26 83 174 355 293 297 249 476 162 477 146 243 22 426 424 137 98 223 195 313 361 367 165 395 266 19 37 372 25 341 135 436 0 427 249 175 413 
66 470 249 45 448 296 443 13 391 182 318 176 468 188 440 64 116 88 174 361 365 53 424 189 423 4 379 409 340 136 399 11 103 161 123 264 293 202 38 449 395 317 399 416 251 427 0 330 159 439 
433 389 290 20 473 144 292 262 387 4 148 297 128 122 413 74 324 187 28 224 477 61 26 398 100 229 217 79 296 138 233 13 126 96 12 142 175 126 479 495 464 130 105 443 210 249 330 0 390 470 
384 181 334 428 482 200 128 327 31 89 222 433 198 317 188 17 113 84 225 162 465 385 316 240 444 238 307 410 340 498 448 343 325 145 66 476 436 39 193 359 118 194 442 92 161 175 159 390 0 403 
353 145 80 285 388 213 395 38 211 54 333 44 222 252 199 432 202 183 31 438 325 437 219 244 248 148 171 198 372 348 51 173 301 473 49 454 403 436 419 138 203 122 185 178 262 413 439 470 403 0 
EOF