NAME:generated27.tsp
TYPE:TSP
COMMENT:generatedFromCode
DIMENSION:27
EDGE_WEIGHT_TYPE:EXPLICIT
EDGE_WEIGHT_FORMAT:FULL_MATRIX
EDGE_WEIGHT_SECTION
0 372 337 426 108 135 325 189 260 444 325 288 160 481 324 113 52 344 39 244 14 222 406 34 242 294 323 
372 0 433 292 132 74 352 246 146 411 300 278 40 496 498 60 199 342 51 351 35 345 246 66 485 162 353 
337 433 0 60 150 477 103 101 314 31 244 443 187 282 205 344 290 346 293 30 358 230 172 342 170 311 208 
426 292 60 0 154 377 80 69 168 416 143 341 308 112 79 272 294 473 479 296 259 282 237 120 170 478 466 
108 132 150 154 0 466 484 494 42 355 172 231 295 186 245 99 31 459 192 367 49 197 254 188 467 341 150 
135 74 477 377 466 0 283 126 366 175 105 497 14 9 426 85 270 208 204 88 233 373 228 187 73 16 485 
325 352 103 80 484 283 0 378 299 301 272 473 104 271 310 466 155 329 455 492 353 39 463 330 78 405 88 
189 246 101 69 494 126 378 0 304 318 219 96 202 308 405 7 366 153 75 402 442 125 491 65 31 406 17 
260 146 314 168 42 366 299 304 0 298 380 137 56 207 354 157 219 322 376 85 39 150 485 453 479 165 85 
444 411 31 416 355 175 301 318 298 0 123 291 421 237 139 246 71 183 178 90 454 94 375 65 55 348 452 
325 300 244 143 172 105 272 219 380 123 0 421 257 244 302 227 192 182 349 421 38 48 179 205 29 352 35 
288 278 443 341 231 497 473 96 137 291 421 0 425 57 496 402 301 137 468 45 294 349 326 16 472 143 418 
160 40 187 308 295 14 104 202 56 421 257 425 0 378 313 62 485 277 327 10 168 464 128 178 133 392 294 
481 496 282 112 186 9 271 308 207 237 244 57 378 0 154 253 211 226 473 326 279 228 289 74 162 327 161 
324 498 205 79 245 426 310 405 354 139 302 496 313 154 0 148 188 472 240 83 241 489 82 426 497 268 296 
113 60 344 272 99 85 466 7 157 246 227 402 62 253 148 0 431 370 337 3 207 489 356 397 448 363 18 
52 199 290 294 31 270 155 366 219 71 192 301 485 211 188 431 0 263 471 497 231 146 148 437 281 73 40 
344 342 346 473 459 208 329 153 322 183 182 137 277 226 472 370 263 0 215 323 75 403 141 304 477 170 38 
39 51 293 479 192 204 455 75 376 178 349 468 327 473 240 337 471 215 0 440 457 475 49 55 376 494 221 
244 351 30 296 367 88 492 402 85 90 421 45 10 326 83 3 497 323 440 0 489 466 238 15 154 224 432 
14 35 358 259 49 233 353 442 39 454 38 294 168 279 241 207 231 75 457 489 0 480 195 139 15 395 116 
222 345 230 282 197 373 39 125 150 94 48 349 464 228 489 489 146 403 475 466 480 0 238 469 350 423 335 
406 246 172 237 254 228 463 491 485 375 179 326 128 289 82 356 148 141 49 238 195 238 0 185 256 141 214 
34 66 342 120 188 187 330 65 453 65 205 16 178 74 426 397 437 304 55 15 139 469 185 0 382 405 256 
242 485 170 170 467 73 78 31 479 55 29 472 133 162 497 448 281 477 376 154 15 350 256 382 0 23 407 
294 162 311 478 341 16 405 406 165 348 352 143 392 327 268 363 73 170 494 224 395 423 141 405 23 0 263 
323 353 208 466 150 485 88 17 85 452 35 418 294 161 296 18 40 38 221 432 116 335 214 256 407 263 0 
EOF