NAME:generated24.tsp
TYPE:TSP
COMMENT:generatedFromCode
DIMENSION:24
EDGE_WEIGHT_TYPE:EXPLICIT
EDGE_WEIGHT_FORMAT:FULL_MATRIX
EDGE_WEIGHT_SECTION
0 349 444 17 465 16 208 51 354 49 376 27 470 500 295 489 2 140 99 296 221 427 404 155 
349 0 326 343 454 180 467 191 258 161 233 423 392 259 403 319 104 213 143 130 278 486 39 273 
444 326 0 68 366 325 197 206 362 73 263 211 350 50 83 107 203 151 71 35 54 247 197 385 
17 343 68 0 475 431 414 500 36 456 420 246 320 72 266 384 175 64 134 297 285 184 448 331 
465 454 366 475 0 367 262 237 303 269 275 303 171 97 498 451 237 247 366 46 321 173 260 368 
16 180 325 431 367 0 127 140 425 102 331 112 326 224 213 396 408 374 172 102 428 58 100 158 
208 467 197 414 262 127 0 84 309 354 384 439 449 349 495 299 60 263 31 256 139 426 431 499 
51 191 206 500 237 140 84 0 237 232 396 176 453 179 240 380 337 181 278 178 316 375 93 169 
354 258 362 36 303 425 309 237 0 347 8 227 485 403 9 48 438 362 454 311 302 75 231 121 
49 161 73 456 269 102 354 232 347 0 5 459 416 3 380 258 10 464 309 393 8 304 104 233 
376 233 263 420 275 331 384 396 8 5 0 428 439 130 236 365 34 213 242 356 410 232 498 330 
27 423 211 246 303 112 439 176 227 459 428 0 237 188 42 482 9 236 388 179 167 361 59 209 
470 392 350 320 171 326 449 453 485 416 439 237 0 125 417 2 303 183 456 243 411 431 148 395 
500 259 50 72 97 224 349 179 403 3 130 188 125 0 89 164 161 376 420 456 208 271 294 288 
295 403 83 266 498 213 495 240 9 380 236 42 417 89 0 129 47 7 35 490 245 357 177 203 
489 319 107 384 451 396 299 380 48 258 365 482 2 164 129 0 493 327 455 307 152 222 176 148 
2 104 203 175 237 408 60 337 438 10 34 9 303 161 47 493 0 500 59 482 445 346 115 37 
140 213 151 64 247 374 263 181 362 464 213 236 183 376 7 327 500 0 495 130 347 471 474 388 
99 143 71 134 366 172 31 278 454 309 242 388 456 420 35 455 59 495 0 220 237 2 81 21 
296 130 35 297 46 102 256 178 311 393 356 179 243 456 490 307 482 130 220 0 316 418 312 218 
221 278 54 285 321 428 139 316 302 8 410 167 411 208 245 152 445 347 237 316 0 352 455 374 
427 486 247 184 173 58 426 375 75 304 232 361 431 271 357 222 346 471 2 418 352 0 73 289 
404 39 197 448 260 100 431 93 231 104 498 59 148 294 177 176 115 474 81 312 455 73 0 55 
155 273 385 331 368 158 499 169 121 233 330 209 395 288 203 148 37 388 21 218 374 289 55 0 
EOF