NAME:generated38.tsp
TYPE:TSP
COMMENT:generatedFromCode
DIMENSION:38
EDGE_WEIGHT_TYPE:EXPLICIT
EDGE_WEIGHT_FORMAT:FULL_MATRIX
EDGE_WEIGHT_SECTION
0 114 319 454 400 478 209 429 384 469 11 476 272 102 21 282 40 348 435 274 362 487 48 496 70 27 111 130 96 371 11 257 187 73 338 424 341 332 
114 0 223 175 283 170 408 152 263 7 93 494 398 325 151 219 311 269 471 16 345 459 450 378 380 446 1 199 62 426 373 445 339 305 393 154 44 443 
319 223 0 179 201 388 345 39 289 5 461 409 299 385 404 174 28 306 480 254 319 282 331 449 32 46 490 434 138 459 399 19 158 447 141 190 212 310 
454 175 179 0 134 307 406 100 68 55 495 460 311 248 449 41 394 143 54 428 382 282 431 499 414 306 415 228 25 288 386 317 449 314 29 78 33 268 
400 283 201 134 0 493 396 362 275 346 144 429 407 299 147 301 472 206 369 135 246 249 55 141 473 443 298 42 205 447 21 149 390 323 246 222 380 376 
478 170 388 307 493 0 219 87 155 149 474 112 249 469 31 169 334 192 318 110 275 246 432 18 190 146 54 100 430 89 275 359 496 255 221 329 217 212 
209 408 345 406 396 219 0 408 355 353 259 378 427 495 331 182 494 57 452 413 43 122 285 390 191 451 241 39 454 207 467 72 294 246 8 376 163 476 
429 152 39 100 362 87 408 0 340 412 110 193 485 246 426 448 327 94 176 473 145 29 118 159 406 231 135 250 236 457 416 204 377 215 466 190 291 9 
384 263 289 68 275 155 355 340 0 14 9 270 157 397 309 499 400 341 34 71 113 143 149 28 391 467 146 59 109 425 284 359 244 174 368 488 284 22 
469 7 5 55 346 149 353 412 14 0 146 104 118 391 448 386 218 54 32 156 87 156 331 355 359 228 159 344 229 206 463 97 183 203 289 432 193 204 
11 93 461 495 144 474 259 110 9 146 0 109 180 207 408 170 434 91 18 384 213 375 290 465 409 216 267 273 76 31 21 309 362 126 400 73 483 426 
476 494 409 460 429 112 378 193 270 104 109 0 476 236 2 95 394 381 400 457 435 92 97 10 300 458 451 293 146 413 197 389 322 374 305 373 252 144 
272 398 299 311 407 249 427 485 157 118 180 476 0 373 166 59 329 351 389 84 299 135 135 116 297 77 281 211 170 131 425 123 467 171 411 224 220 485 
102 325 385 248 299 469 495 246 397 391 207 236 373 0 140 417 306 255 173 211 444 194 326 217 203 477 168 163 188 192 423 423 320 242 276 480 206 93 
21 151 404 449 147 31 331 426 309 448 408 2 166 140 0 8 93 56 354 213 266 197 492 197 97 327 46 264 292 493 433 9 280 287 314 135 485 84 
282 219 174 41 301 169 182 448 499 386 170 95 59 417 8 0 324 270 385 36 68 45 15 234 142 393 260 264 387 228 39 394 267 179 388 347 437 92 
40 311 28 394 472 334 494 327 400 218 434 394 329 306 93 324 0 218 78 185 315 446 293 186 11 387 171 403 409 451 147 135 40 222 259 347 378 394 
348 269 306 143 206 192 57 94 341 54 91 381 351 255 56 270 218 0 210 31 99 178 129 346 402 500 132 97 80 44 456 106 5 322 248 56 59 267 
435 471 480 54 369 318 452 176 34 32 18 400 389 173 354 385 78 210 0 137 363 6 358 210 198 489 342 324 147 223 478 133 489 210 153 156 288 378 
274 16 254 428 135 110 413 473 71 156 384 457 84 211 213 36 185 31 137 0 391 296 297 261 160 388 342 302 463 141 64 52 162 102 425 384 20 169 
362 345 319 382 246 275 43 145 113 87 213 435 299 444 266 68 315 99 363 391 0 117 433 143 139 196 78 175 198 70 25 263 300 409 48 435 76 22 
487 459 282 282 249 246 122 29 143 156 375 92 135 194 197 45 446 178 6 296 117 0 449 285 367 94 54 215 241 492 144 405 493 36 63 303 320 197 
48 450 331 431 55 432 285 118 149 331 290 97 135 326 492 15 293 129 358 297 433 449 0 223 66 486 210 25 171 349 258 53 140 324 86 11 254 95 
496 378 449 499 141 18 390 159 28 355 465 10 116 217 197 234 186 346 210 261 143 285 223 0 128 35 7 396 57 109 297 237 221 465 426 475 198 492 
70 380 32 414 473 190 191 406 391 359 409 300 297 203 97 142 11 402 198 160 139 367 66 128 0 321 347 346 23 77 82 394 107 293 454 408 149 248 
27 446 46 306 443 146 451 231 467 228 216 458 77 477 327 393 387 500 489 388 196 94 486 35 321 0 491 451 295 422 331 110 420 442 210 213 172 449 
111 1 490 415 298 54 241 135 146 159 267 451 281 168 46 260 171 132 342 342 78 54 210 7 347 491 0 176 118 27 491 412 439 81 104 17 147 274 
130 199 434 228 42 100 39 250 59 344 273 293 211 163 264 264 403 97 324 302 175 215 25 396 346 451 176 0 478 415 244 29 389 1 53 142 419 68 
96 62 138 25 205 430 454 236 109 229 76 146 170 188 292 387 409 80 147 463 198 241 171 57 23 295 118 478 0 159 124 458 378 372 351 378 12 338 
371 426 459 288 447 89 207 457 425 206 31 413 131 192 493 228 451 44 223 141 70 492 349 109 77 422 27 415 159 0 178 323 185 381 348 194 440 44 
11 373 399 386 21 275 467 416 284 463 21 197 425 423 433 39 147 456 478 64 25 144 258 297 82 331 491 244 124 178 0 101 163 255 325 227 435 477 
257 445 19 317 149 359 72 204 359 97 309 389 123 423 9 394 135 106 133 52 263 405 53 237 394 110 412 29 458 323 101 0 279 190 219 329 96 243 
187 339 158 449 390 496 294 377 244 183 362 322 467 320 280 267 40 5 489 162 300 493 140 221 107 420 439 389 378 185 163 279 0 49 292 123 151 365 
73 305 447 314 323 255 246 215 174 203 126 374 171 242 287 179 222 322 210 102 409 36 324 465 293 442 81 1 372 381 255 190 49 0 453 459 120 327 
338 393 141 29 246 221 8 466 368 289 400 305 411 276 314 388 259 248 153 425 48 63 86 426 454 210 104 53 351 348 325 219 292 453 0 315 429 492 
424 154 190 78 222 329 376 190 488 432 73 373 224 480 135 347 347 56 156 384 435 303 11 475 408 213 17 142 378 194 227 329 123 459 315 0 323 47 
341 44 212 33 380 217 163 291 284 193 483 252 220 206 485 437 378 59 288 20 76 320 254 198 149 172 147 419 12 440 435 96 151 120 429 323 0 386 
332 443 310 268 376 212 476 9 22 204 426 144 485 93 84 92 394 267 378 169 22 197 95 492 248 449 274 68 338 44 477 243 365 327 492 47 386 0 
EOF