NAME:generated20.tsp
TYPE:TSP
COMMENT:generatedFromCode
DIMENSION:20
EDGE_WEIGHT_TYPE:EXPLICIT
EDGE_WEIGHT_FORMAT:FULL_MATRIX
EDGE_WEIGHT_SECTION
0 96 179 402 69 261 13 270 41 319 322 48 445 101 155 475 320 265 255 445 
96 0 29 103 30 241 11 72 122 304 256 483 38 109 468 440 182 128 183 329 
179 29 0 46 69 281 402 254 168 460 43 118 2 35 187 229 469 135 299 255 
402 103 46 0 345 111 281 192 60 452 207 163 251 200 355 207 185 318 160 375 
69 30 69 345 0 483 499 209 371 189 187 156 246 165 379 361 131 209 89 444 
261 241 281 111 483 0 277 429 309 452 182 373 407 198 449 404 449 294 55 98 
13 11 402 281 499 277 0 326 123 319 211 263 497 97 140 73 90 81 105 111 
270 72 254 192 209 429 326 0 38 127 316 57 92 474 278 177 256 1 283 230 
41 122 168 60 371 309 123 38 0 178 346 415 58 75 493 414 488 303 87 355 
319 304 460 452 189 452 319 127 178 0 417 354 56 268 494 179 209 109 231 338 
322 256 43 207 187 182 211 316 346 417 0 354 235 167 89 79 47 368 233 26 
48 483 118 163 156 373 263 57 415 354 354 0 52 492 357 188 4 219 315 63 
445 38 2 251 246 407 497 92 58 56 235 52 0 438 11 498 471 428 386 469 
101 109 35 200 165 198 97 474 75 268 167 492 438 0 375 150 451 6 411 171 
155 468 187 355 379 449 140 278 493 494 89 357 11 375 0 88 408 488 166 473 
475 440 229 207 361 404 73 177 414 179 79 188 498 150 88 0 421 480 105 309 
320 182 469 185 131 449 90 256 488 209 47 4 471 451 408 421 0 451 366 497 
265 128 135 318 209 294 81 1 303 109 368 219 428 6 488 480 451 0 229 426 
255 183 299 160 89 55 105 283 87 231 233 315 386 411 166 105 366 229 0 360 
445 329 255 375 444 98 111 230 355 338 26 63 469 171 473 309 497 426 360 0 
EOF