NAME:generated46.tsp
TYPE:TSP
COMMENT:generatedFromCode
DIMENSION:46
EDGE_WEIGHT_TYPE:EXPLICIT
EDGE_WEIGHT_FORMAT:FULL_MATRIX
EDGE_WEIGHT_SECTION
0 14 254 200 32 170 395 262 307 277 296 352 413 209 263 162 152 391 434 356 336 4 205 3 53 328 301 239 38 28 237 327 139 437 463 36 343 18 497 71 152 429 257 194 223 468 
14 0 293 323 379 303 323 13 389 376 444 475 386 187 67 484 48 428 212 138 410 257 330 213 249 364 110 194 450 305 57 387 498 395 179 157 152 473 37 461 66 26 404 258 19 90 
254 293 0 263 472 59 91 307 105 95 94 25 460 114 112 16 203 68 99 335 7 7 218 233 295 303 399 303 241 194 162 278 468 476 495 362 443 115 203 54 377 66 97 65 369 463 
200 323 263 0 346 388 419 382 341 201 388 140 381 315 10 441 415 87 192 262 280 378 289 289 463 340 90 492 467 409 81 204 244 362 19 247 402 178 462 349 122 265 383 24 8 173 
32 379 472 346 0 214 21 184 87 136 452 21 172 348 35 190 213 433 127 463 448 218 236 384 135 479 382 261 66 431 432 401 376 411 404 475 210 494 239 434 8 421 110 7 212 413 
170 303 59 388 214 0 369 365 160 479 151 291 98 391 130 430 306 144 409 421 12 263 211 204 118 338 262 338 380 311 407 29 254 188 8 347 170 125 259 346 438 296 89 267 176 185 
395 323 91 419 21 369 0 471 124 65 399 331 331 131 69 43 154 346 128 469 369 325 264 346 361 268 369 149 330 337 300 450 22 467 442 428 119 46 20 118 311 341 419 81 156 392 
262 13 307 382 184 365 471 0 370 326 207 118 466 362 56 238 130 455 458 232 115 125 458 126 161 265 150 207 262 316 328 300 491 243 400 30 405 17 238 151 325 275 151 260 364 167 
307 389 105 341 87 160 124 370 0 103 234 92 179 144 24 139 296 221 301 37 72 317 86 363 97 88 310 66 331 434 299 313 161 407 116 467 179 338 337 53 78 431 15 171 273 111 
277 376 95 201 136 479 65 326 103 0 333 444 378 17 282 467 284 174 71 407 276 8 335 158 409 484 54 390 265 205 115 40 340 25 149 57 179 138 167 366 305 115 279 255 88 268 
296 444 94 388 452 151 399 207 234 333 0 304 328 392 11 296 46 320 217 24 51 49 492 433 140 203 126 95 355 405 458 232 194 16 309 95 246 119 12 254 87 34 305 260 439 164 
352 475 25 140 21 291 331 118 92 444 304 0 375 467 457 89 21 109 400 172 461 313 92 49 145 357 437 298 58 394 34 299 245 395 359 140 491 153 17 482 211 395 225 449 218 457 
413 386 460 381 172 98 331 466 179 378 328 375 0 108 140 178 246 74 437 31 74 334 302 150 89 181 24 42 410 405 432 460 247 88 103 70 73 109 434 252 71 322 137 287 178 258 
209 187 114 315 348 391 131 362 144 17 392 467 108 0 456 426 139 9 352 102 332 442 427 48 99 124 362 188 25 196 245 384 415 226 20 334 151 218 13 175 4 433 167 200 45 120 
263 67 112 10 35 130 69 56 24 282 11 457 140 456 0 449 223 147 120 237 210 206 14 11 161 279 477 172 414 291 50 232 232 86 8 216 272 221 188 76 408 68 242 52 368 408 
162 484 16 441 190 430 43 238 139 467 296 89 178 426 449 0 269 228 472 252 159 189 223 286 445 106 60 409 325 91 430 192 137 312 364 33 239 94 131 159 425 102 363 217 271 86 
152 48 203 415 213 306 154 130 296 284 46 21 246 139 223 269 0 340 421 234 60 292 284 55 115 341 162 113 192 497 156 160 102 318 484 378 370 123 416 470 334 294 275 86 303 400 
391 428 68 87 433 144 346 455 221 174 320 109 74 9 147 228 340 0 29 481 140 190 441 334 373 485 196 144 236 364 199 458 178 440 273 381 197 452 158 259 449 107 211 54 197 443 
434 212 99 192 127 409 128 458 301 71 217 400 437 352 120 472 421 29 0 183 126 283 131 198 443 362 131 96 450 95 370 328 401 350 120 193 446 399 342 400 28 449 346 443 20 21 
356 138 335 262 463 421 469 232 37 407 24 172 31 102 237 252 234 481 183 0 287 86 323 450 125 432 251 111 313 41 399 249 171 213 182 243 179 335 175 499 341 479 294 352 333 29 
336 410 7 280 448 12 369 115 72 276 51 461 74 332 210 159 60 140 126 287 0 283 473 39 71 424 219 155 256 444 477 219 342 193 14 220 493 233 304 455 162 457 100 128 299 490 
4 257 7 378 218 263 325 125 317 8 49 313 334 442 206 189 292 190 283 86 283 0 71 56 363 481 227 30 39 499 465 207 242 492 137 419 131 261 438 439 237 477 381 309 112 6 
205 330 218 289 236 211 264 458 86 335 492 92 302 427 14 223 284 441 131 323 473 71 0 112 153 277 156 307 381 382 277 33 159 419 308 182 498 396 139 397 90 196 268 302 235 397 
3 213 233 289 384 204 346 126 363 158 433 49 150 48 11 286 55 334 198 450 39 56 112 0 28 270 60 409 115 62 485 72 382 67 306 131 254 235 87 369 72 93 112 424 302 229 
53 249 295 463 135 118 361 161 97 409 140 145 89 99 161 445 115 373 443 125 71 363 153 28 0 15 218 337 54 28 372 123 395 440 167 134 24 226 153 178 71 170 134 200 343 55 
328 364 303 340 479 338 268 265 88 484 203 357 181 124 279 106 341 485 362 432 424 481 277 270 15 0 300 216 148 72 432 124 307 205 426 277 378 79 210 405 263 157 448 149 30 120 
301 110 399 90 382 262 369 150 310 54 126 437 24 362 477 60 162 196 131 251 219 227 156 60 218 300 0 172 114 493 413 3 495 348 166 214 173 424 103 96 29 274 149 362 285 275 
239 194 303 492 261 338 149 207 66 390 95 298 42 188 172 409 113 144 96 111 155 30 307 409 337 216 172 0 64 209 341 35 364 464 492 201 249 370 464 14 44 498 406 84 162 493 
38 450 241 467 66 380 330 262 331 265 355 58 410 25 414 325 192 236 450 313 256 39 381 115 54 148 114 64 0 149 295 59 348 224 140 217 334 206 2 346 269 46 410 180 292 91 
28 305 194 409 431 311 337 316 434 205 405 394 405 196 291 91 497 364 95 41 444 499 382 62 28 72 493 209 149 0 300 300 191 190 51 372 323 473 315 1 311 90 213 111 396 53 
237 57 162 81 432 407 300 328 299 115 458 34 432 245 50 430 156 199 370 399 477 465 277 485 372 432 413 341 295 300 0 442 351 387 78 65 303 68 50 147 104 415 344 168 108 200 
327 387 278 204 401 29 450 300 313 40 232 299 460 384 232 192 160 458 328 249 219 207 33 72 123 124 3 35 59 300 442 0 183 163 261 189 462 309 230 226 111 366 153 472 387 108 
139 498 468 244 376 254 22 491 161 340 194 245 247 415 232 137 102 178 401 171 342 242 159 382 395 307 495 364 348 191 351 183 0 233 451 338 48 24 109 206 386 60 316 355 453 149 
437 395 476 362 411 188 467 243 407 25 16 395 88 226 86 312 318 440 350 213 193 492 419 67 440 205 348 464 224 190 387 163 233 0 185 218 315 470 193 28 118 341 176 217 51 56 
463 179 495 19 404 8 442 400 116 149 309 359 103 20 8 364 484 273 120 182 14 137 308 306 167 426 166 492 140 51 78 261 451 185 0 237 63 258 186 389 461 78 100 440 161 266 
36 157 362 247 475 347 428 30 467 57 95 140 70 334 216 33 378 381 193 243 220 419 182 131 134 277 214 201 217 372 65 189 338 218 237 0 12 372 149 32 56 139 470 361 355 83 
343 152 443 402 210 170 119 405 179 179 246 491 73 151 272 239 370 197 446 179 493 131 498 254 24 378 173 249 334 323 303 462 48 315 63 12 0 385 165 21 499 295 12 311 421 198 
18 473 115 178 494 125 46 17 338 138 119 153 109 218 221 94 123 452 399 335 233 261 396 235 226 79 424 370 206 473 68 309 24 470 258 372 385 0 130 448 14 312 243 230 126 79 
497 37 203 462 239 259 20 238 337 167 12 17 434 13 188 131 416 158 342 175 304 438 139 87 153 210 103 464 2 315 50 230 109 193 186 149 165 130 0 474 117 341 6 443 230 425 
71 461 54 349 434 346 118 151 53 366 254 482 252 175 76 159 470 259 400 499 455 439 397 369 178 405 96 14 346 1 147 226 206 28 389 32 21 448 474 0 159 46 154 297 237 238 
152 66 377 122 8 438 311 325 78 305 87 211 71 4 408 425 334 449 28 341 162 237 90 72 71 263 29 44 269 311 104 111 386 118 461 56 499 14 117 159 0 76 464 432 341 313 
429 26 66 265 421 296 341 275 431 115 34 395 322 433 68 102 294 107 449 479 457 477 196 93 170 157 274 498 46 90 415 366 60 341 78 139 295 312 341 46 76 0 386 443 426 427 
257 404 97 383 110 89 419 151 15 279 305 225 137 167 242 363 275 211 346 294 100 381 268 112 134 448 149 406 410 213 344 153 316 176 100 470 12 243 6 154 464 386 0 384 94 477 
194 258 65 24 7 267 81 260 171 255 260 449 287 200 52 217 86 54 443 352 128 309 302 424 200 149 362 84 180 111 168 472 355 217 440 361 311 230 443 297 432 443 384 0 340 455 
223 19 369 8 212 176 156 364 273 88 439 218 178 45 368 271 303 197 20 333 299 112 235 302 343 30 285 162 292 396 108 387 453 51 161 355 421 126 230 237 341 426 94 340 0 92 
468 90 463 173 413 185 392 167 111 268 164 457 258 120 408 86 400 443 21 29 490 6 397 229 55 120 275 493 91 53 200 108 149 56 266 83 198 79 425 238 313 427 477 455 92 0 
EOF