NAME:generated12.tsp
TYPE:TSP
COMMENT:generatedFromCode
DIMENSION:12
EDGE_WEIGHT_TYPE:EXPLICIT
EDGE_WEIGHT_FORMAT:FULL_MATRIX
EDGE_WEIGHT_SECTION
0 121 400 88 82 428 286 105 308 366 231 52 
121 0 484 426 449 469 460 383 307 26 369 4 
400 484 0 218 369 326 454 457 144 481 351 313 
88 426 218 0 17 223 213 341 182 441 231 29 
82 449 369 17 0 178 126 332 412 21 279 392 
428 469 326 223 178 0 96 292 93 258 17 380 
286 460 454 213 126 96 0 209 12 23 217 86 
105 383 457 341 332 292 209 0 196 472 10 82 
308 307 144 182 412 93 12 196 0 305 107 236 
366 26 481 441 21 258 23 472 305 0 54 1 
231 369 351 231 279 17 217 10 107 54 0 358 
52 4 313 29 392 380 86 82 236 1 358 0 
EOF