NAME:generated13.tsp
TYPE:TSP
COMMENT:generatedFromCode
DIMENSION:13
EDGE_WEIGHT_TYPE:EXPLICIT
EDGE_WEIGHT_FORMAT:FULL_MATRIX
EDGE_WEIGHT_SECTION
0 78 155 80 117 226 21 316 292 393 132 347 119 
78 0 164 391 466 144 112 192 103 45 411 357 477 
155 164 0 70 187 460 291 161 215 199 238 84 108 
80 391 70 0 457 275 379 153 152 68 15 393 293 
117 466 187 457 0 297 222 324 97 407 340 297 247 
226 144 460 275 297 0 416 129 256 457 382 300 332 
21 112 291 379 222 416 0 412 272 7 478 438 277 
316 192 161 153 324 129 412 0 156 359 7 28 67 
292 103 215 152 97 256 272 156 0 162 187 203 229 
393 45 199 68 407 457 7 359 162 0 269 177 432 
132 411 238 15 340 382 478 7 187 269 0 32 385 
347 357 84 393 297 300 438 28 203 177 32 0 28 
119 477 108 293 247 332 277 67 229 432 385 28 0 
EOF