NAME:generated17.tsp
TYPE:TSP
COMMENT:generatedFromCode
DIMENSION:17
EDGE_WEIGHT_TYPE:EXPLICIT
EDGE_WEIGHT_FORMAT:FULL_MATRIX
EDGE_WEIGHT_SECTION
0 58 359 42 70 323 151 79 50 254 455 422 46 493 218 294 242 
58 0 314 168 304 404 162 316 56 170 66 208 475 203 430 148 185 
359 314 0 151 357 239 6 67 93 52 267 200 3 21 230 462 390 
42 168 151 0 397 250 406 461 423 323 427 437 325 462 475 123 498 
70 304 357 397 0 203 205 290 375 136 374 121 452 229 175 408 314 
323 404 239 250 203 0 117 185 375 372 64 234 446 255 345 210 91 
151 162 6 406 205 117 0 198 98 356 233 174 453 92 275 101 6 
79 316 67 461 290 185 198 0 401 361 497 210 303 40 112 290 196 
50 56 93 423 375 375 98 401 0 155 465 76 462 425 229 297 170 
254 170 52 323 136 372 356 361 155 0 126 216 304 248 122 205 258 
455 66 267 427 374 64 233 497 465 126 0 232 123 145 222 403 185 
422 208 200 437 121 234 174 210 76 216 232 0 414 191 252 442 306 
46 475 3 325 452 446 453 303 462 304 123 414 0 492 108 24 492 
493 203 21 462 229 255 92 40 425 248 145 191 492 0 135 176 56 
218 430 230 475 175 345 275 112 229 122 222 252 108 135 0 1 45 
294 148 462 123 408 210 101 290 297 205 403 442 24 176 1 0 415 
242 185 390 498 314 91 6 196 170 258 185 306 492 56 45 415 0 
EOF