NAME:generated44.tsp
TYPE:TSP
COMMENT:generatedFromCode
DIMENSION:44
EDGE_WEIGHT_TYPE:EXPLICIT
EDGE_WEIGHT_FORMAT:FULL_MATRIX
EDGE_WEIGHT_SECTION
0 76 489 109 355 387 177 251 222 75 163 154 147 79 12 55 144 99 224 422 170 228 301 500 267 35 379 108 15 26 379 478 448 388 56 263 483 149 285 372 272 319 484 57 
76 0 429 150 311 447 158 407 481 17 490 429 63 255 2 263 271 176 354 305 453 90 476 29 40 275 70 185 95 171 202 282 285 403 223 490 454 60 94 283 147 320 34 351 
489 429 0 395 376 301 451 26 255 178 460 98 334 475 31 145 29 264 387 159 416 400 188 244 469 360 466 100 301 224 176 177 194 72 495 61 300 208 158 264 250 236 47 268 
109 150 395 0 171 451 453 43 396 301 96 416 248 66 94 351 287 165 359 298 219 97 63 496 288 378 42 444 138 347 472 305 125 363 70 105 236 262 225 410 40 186 98 160 
355 311 376 171 0 251 213 190 292 448 360 431 216 2 72 54 32 281 116 154 477 411 351 349 472 295 164 53 70 270 271 338 425 382 278 166 33 112 164 198 296 33 92 395 
387 447 301 451 251 0 142 477 89 291 217 103 412 444 16 278 467 345 95 272 365 433 242 188 227 420 237 134 169 21 68 196 19 472 22 413 205 179 448 380 97 316 415 246 
177 158 451 453 213 142 0 288 473 305 41 452 80 236 57 161 360 359 83 80 360 267 31 112 330 417 6 227 166 404 485 472 160 197 125 159 203 65 423 228 52 368 405 372 
251 407 26 43 190 477 288 0 7 196 406 401 203 471 382 436 448 400 334 18 244 351 455 242 299 144 401 324 464 234 457 79 391 41 406 106 404 188 220 378 176 11 134 99 
222 481 255 396 292 89 473 7 0 315 19 190 371 5 263 291 31 365 227 326 103 187 379 104 389 400 95 339 277 152 485 490 264 275 334 474 391 472 488 314 498 458 331 55 
75 17 178 301 448 291 305 196 315 0 76 255 251 209 419 8 290 80 155 13 53 294 224 225 364 332 414 90 10 228 202 284 190 330 149 111 136 42 234 418 87 92 251 451 
163 490 460 96 360 217 41 406 19 76 0 495 420 147 205 438 85 24 63 274 233 80 446 49 447 33 140 231 463 114 107 100 93 199 410 236 437 372 389 319 362 176 443 328 
154 429 98 416 431 103 452 401 190 255 495 0 13 143 435 351 44 413 416 458 398 333 482 9 26 151 72 270 28 90 296 456 206 133 247 302 411 170 53 178 332 212 185 122 
147 63 334 248 216 412 80 203 371 251 420 13 0 368 457 128 403 142 339 252 488 100 360 7 190 357 131 21 481 82 217 423 37 254 124 372 86 365 319 37 473 75 458 459 
79 255 475 66 2 444 236 471 5 209 147 143 368 0 217 352 375 463 316 166 93 351 485 364 428 372 190 370 149 420 457 6 172 8 245 229 119 60 114 223 164 453 328 374 
12 2 31 94 72 16 57 382 263 419 205 435 457 217 0 130 115 224 162 72 301 168 277 279 326 341 281 233 413 230 130 157 299 26 8 397 19 98 30 378 490 340 236 287 
55 263 145 351 54 278 161 436 291 8 438 351 128 352 130 0 93 255 118 452 136 457 213 421 484 385 114 81 351 380 461 400 182 114 116 456 23 288 247 462 140 237 198 473 
144 271 29 287 32 467 360 448 31 290 85 44 403 375 115 93 0 372 262 377 123 233 154 335 497 266 266 250 220 37 52 118 460 203 2 4 15 411 33 441 85 56 275 248 
99 176 264 165 281 345 359 400 365 80 24 413 142 463 224 255 372 0 131 3 386 180 21 49 342 409 341 365 8 228 345 420 436 469 199 200 372 208 419 258 270 340 61 48 
224 354 387 359 116 95 83 334 227 155 63 416 339 316 162 118 262 131 0 301 132 469 195 94 218 363 493 424 29 450 429 85 353 268 161 423 142 422 276 291 393 14 465 99 
422 305 159 298 154 272 80 18 326 13 274 458 252 166 72 452 377 3 301 0 409 78 457 22 382 211 293 80 351 2 66 18 194 242 404 353 276 498 484 158 288 160 277 157 
170 453 416 219 477 365 360 244 103 53 233 398 488 93 301 136 123 386 132 409 0 328 434 145 122 70 15 237 443 421 298 338 364 305 303 26 155 170 198 363 359 467 352 285 
228 90 400 97 411 433 267 351 187 294 80 333 100 351 168 457 233 180 469 78 328 0 255 22 451 54 39 283 469 85 287 411 164 171 495 38 448 170 165 47 18 43 105 106 
301 476 188 63 351 242 31 455 379 224 446 482 360 485 277 213 154 21 195 457 434 255 0 136 75 466 34 113 412 397 354 438 97 103 310 136 311 402 198 76 405 276 422 173 
500 29 244 496 349 188 112 242 104 225 49 9 7 364 279 421 335 49 94 22 145 22 136 0 294 172 390 21 334 413 304 222 238 56 240 402 484 268 331 77 71 184 463 367 
267 40 469 288 472 227 330 299 389 364 447 26 190 428 326 484 497 342 218 382 122 451 75 294 0 318 221 57 462 491 464 416 20 6 246 70 331 322 190 213 368 279 223 43 
35 275 360 378 295 420 417 144 400 332 33 151 357 372 341 385 266 409 363 211 70 54 466 172 318 0 243 497 267 21 258 50 439 52 4 98 471 121 275 110 88 123 379 198 
379 70 466 42 164 237 6 401 95 414 140 72 131 190 281 114 266 341 493 293 15 39 34 390 221 243 0 373 78 269 406 95 434 92 164 89 416 287 311 482 293 384 455 56 
108 185 100 444 53 134 227 324 339 90 231 270 21 370 233 81 250 365 424 80 237 283 113 21 57 497 373 0 449 19 479 9 366 349 15 284 20 155 312 2 203 153 332 317 
15 95 301 138 70 169 166 464 277 10 463 28 481 149 413 351 220 8 29 351 443 469 412 334 462 267 78 449 0 115 256 306 184 235 184 22 341 366 270 377 432 257 101 44 
26 171 224 347 270 21 404 234 152 228 114 90 82 420 230 380 37 228 450 2 421 85 397 413 491 21 269 19 115 0 212 353 197 465 363 80 149 477 149 38 229 51 413 438 
379 202 176 472 271 68 485 457 485 202 107 296 217 457 130 461 52 345 429 66 298 287 354 304 464 258 406 479 256 212 0 56 162 451 484 304 123 421 101 146 469 493 253 235 
478 282 177 305 338 196 472 79 490 284 100 456 423 6 157 400 118 420 85 18 338 411 438 222 416 50 95 9 306 353 56 0 177 199 244 323 99 259 317 465 146 469 143 447 
448 285 194 125 425 19 160 391 264 190 93 206 37 172 299 182 460 436 353 194 364 164 97 238 20 439 434 366 184 197 162 177 0 472 27 108 116 333 358 107 243 286 169 396 
388 403 72 363 382 472 197 41 275 330 199 133 254 8 26 114 203 469 268 242 305 171 103 56 6 52 92 349 235 465 451 199 472 0 433 219 370 335 62 410 259 25 264 90 
56 223 495 70 278 22 125 406 334 149 410 247 124 245 8 116 2 199 161 404 303 495 310 240 246 4 164 15 184 363 484 244 27 433 0 264 470 324 486 225 448 154 148 450 
263 490 61 105 166 413 159 106 474 111 236 302 372 229 397 456 4 200 423 353 26 38 136 402 70 98 89 284 22 80 304 323 108 219 264 0 410 367 52 454 193 125 449 29 
483 454 300 236 33 205 203 404 391 136 437 411 86 119 19 23 15 372 142 276 155 448 311 484 331 471 416 20 341 149 123 99 116 370 470 410 0 131 110 137 401 356 360 212 
149 60 208 262 112 179 65 188 472 42 372 170 365 60 98 288 411 208 422 498 170 170 402 268 322 121 287 155 366 477 421 259 333 335 324 367 131 0 215 114 364 311 157 387 
285 94 158 225 164 448 423 220 488 234 389 53 319 114 30 247 33 419 276 484 198 165 198 331 190 275 311 312 270 149 101 317 358 62 486 52 110 215 0 400 18 495 58 195 
372 283 264 410 198 380 228 378 314 418 319 178 37 223 378 462 441 258 291 158 363 47 76 77 213 110 482 2 377 38 146 465 107 410 225 454 137 114 400 0 436 374 379 96 
272 147 250 40 296 97 52 176 498 87 362 332 473 164 490 140 85 270 393 288 359 18 405 71 368 88 293 203 432 229 469 146 243 259 448 193 401 364 18 436 0 273 284 146 
319 320 236 186 33 316 368 11 458 92 176 212 75 453 340 237 56 340 14 160 467 43 276 184 279 123 384 153 257 51 493 469 286 25 154 125 356 311 495 374 273 0 346 369 
484 34 47 98 92 415 405 134 331 251 443 185 458 328 236 198 275 61 465 277 352 105 422 463 223 379 455 332 101 413 253 143 169 264 148 449 360 157 58 379 284 346 0 129 
57 351 268 160 395 246 372 99 55 451 328 122 459 374 287 473 248 48 99 157 285 106 173 367 43 198 56 317 44 438 235 447 396 90 450 29 212 387 195 96 146 369 129 0 
EOF